tazer4.dat 276582 8300 0 0
tazer3.dat 0 9029 0 0
tazer8.dat 8133330 7579 0 0
tazer8.dat 6377723 8462 0 0
tazer8.dat 7907512 9044 0 0
tazer4.dat 421626 8405 0 0
tazer8.dat 8634066 8617 0 0
tazer8.dat 6117759 7440 0 0
tazer8.dat 1264741 7876 0 0
tazer3.dat 9029 9389 0 0
tazer8.dat 230713 7126 0 0
tazer8.dat 4132419 7318 0 0
tazer8.dat 553986 8018 0 0
tazer3.dat 18418 8121 0 0
tazer4.dat 1233600 8402 0 0
tazer3.dat 26539 7701 0 0
tazer8.dat 1112283 7708 0 0
tazer8.dat 7733604 8659 0 0
tazer8.dat 4551418 8625 0 0
tazer4.dat 832831 8198 0 0
tazer3.dat 34240 8565 0 0
tazer4.dat 2312064 7346 0 0
tazer8.dat 5212241 8004 0 0
tazer8.dat 3836063 8598 0 0
tazer8.dat 6979347 8430 0 0
tazer8.dat 8987770 8041 0 0
tazer8.dat 428743 8118 0 0
tazer8.dat 7292688 7474 0 0
tazer4.dat 2855242 8133 0 0
tazer3.dat 42805 7232 0 0
tazer8.dat 295385 9617 0 0
tazer8.dat 1698494 7469 0 0
tazer8.dat 7991059 8640 0 0
tazer4.dat 398610 6954 0 0
tazer3.dat 50037 8138 0 0
tazer8.dat 7062460 8802 0 0
tazer8.dat 959150 8561 0 0
tazer8.dat 4318857 9163 0 0
tazer4.dat 371603 9280 0 0
tazer3.dat 58175 8602 0 0
tazer3.dat 66777 8719 0 0
tazer4.dat 565606 8227 0 0
tazer8.dat 3619116 7226 0 0
tazer8.dat 8569544 9017 0 0
tazer8.dat 4235890 9832 0 0
tazer4.dat 2498014 9034 0 0
tazer8.dat 9860630 8929 0 0
tazer8.dat 1032641 7726 0 0
tazer8.dat 4827960 7840 0 0
tazer3.dat 75496 8287 0 0
tazer3.dat 83783 7478 0 0
tazer4.dat 1973263 7661 0 0
tazer8.dat 825398 8673 0 0
tazer8.dat 3068567 7975 0 0
tazer8.dat 7187247 7581 0 0
tazer8.dat 5432551 8590 0 0
tazer8.dat 6004984 7072 0 0
tazer8.dat 5651882 8778 0 0
tazer4.dat 1869996 7434 0 0
tazer3.dat 91261 8205 0 0
tazer4.dat 1151649 8638 0 0
tazer3.dat 99466 7049 0 0
tazer8.dat 8883105 8240 0 0
tazer8.dat 774845 8436 0 0
tazer8.dat 374490 7310 0 0
tazer3.dat 106515 7267 0 0
tazer8.dat 6547230 6853 0 0
tazer8.dat 6155547 8599 0 0
tazer8.dat 1538115 6633 0 0
tazer4.dat 2524047 8001 0 0
tazer3.dat 113782 7803 0 0
tazer8.dat 6328747 7704 0 0
tazer8.dat 5997530 7454 0 0
tazer8.dat 7427709 8548 0 0
tazer4.dat 2549389 10054 0 0
tazer3.dat 121585 7495 0 0
tazer8.dat 41596 7320 0 0
tazer8.dat 8315205 7671 0 0
tazer8.dat 5261705 8205 0 0
tazer4.dat 882703 7922 0 0
tazer4.dat 613492 9192 0 0
tazer8.dat 1128265 7956 0 0
tazer8.dat 436861 7090 0 0
tazer8.dat 2803540 8081 0 0
tazer3.dat 129080 8700 0 0
tazer8.dat 1490603 8388 0 0
tazer8.dat 9729140 8739 0 0
tazer8.dat 9622008 7301 0 0
tazer4.dat 873758 8945 0 0
tazer3.dat 137780 9201 0 0
tazer8.dat 1766557 7962 0 0
tazer8.dat 8248927 9488 0 0
tazer8.dat 2761922 8996 0 0
tazer4.dat 1160287 8100 0 0
tazer3.dat 146981 8779 0 0
tazer4.dat 2295630 8215 0 0
tazer3.dat 155760 9480 0 0
tazer8.dat 9174799 9735 0 0
tazer8.dat 1385591 7835 0 0
tazer8.dat 9308457 7309 0 0
tazer4.dat 765949 7325 0 0
tazer8.dat 4543573 7845 0 0
tazer8.dat 8191369 9883 0 0
tazer8.dat 6422750 7521 0 0
tazer3.dat 165240 8480 0 0
tazer3.dat 173720 7289 0 0
tazer4.dat 89943 7699 0 0
tazer8.dat 132578 6640 0 0
tazer8.dat 6662231 7871 0 0
tazer8.dat 783281 8117 0 0
tazer8.dat 1832367 8003 0 0
tazer8.dat 9545168 9684 0 0
tazer8.dat 2836968 7566 0 0
tazer4.dat 2591318 9441 0 0
tazer3.dat 181009 7400 0 0
tazer8.dat 9365848 8756 0 0
tazer8.dat 2050632 8692 0 0
tazer8.dat 5424278 8273 0 0
tazer3.dat 188409 8966 0 0
tazer4.dat 2481680 7441 0 0
tazer4.dat 2231190 7073 0 0
tazer8.dat 5228099 8523 0 0
tazer8.dat 7868909 7771 0 0
tazer8.dat 3420817 8643 0 0
tazer3.dat 197375 7554 0 0
tazer4.dat 2449858 8394 0 0
tazer3.dat 204929 9011 0 0
tazer8.dat 5278422 7107 0 0
tazer8.dat 4277157 7560 0 0
tazer8.dat 324015 7266 0 0
tazer4.dat 1517950 8369 0 0
tazer8.dat 751250 8017 0 0
tazer8.dat 1581883 8926 0 0
tazer8.dat 9792719 8091 0 0
tazer3.dat 213940 7950 0 0
tazer8.dat 7278024 8042 0 0
tazer8.dat 2254907 7702 0 0
tazer8.dat 4583135 8784 0 0
tazer3.dat 221890 7700 0 0
tazer4.dat 2981384 7834 0 0
tazer4.dat 622684 8630 0 0
tazer3.dat 229590 9621 0 0
tazer8.dat 9014115 6913 0 0
tazer8.dat 8943311 8126 0 0
tazer8.dat 139218 7721 0 0
tazer3.dat 239211 9036 0 0
tazer8.dat 2066860 7815 0 0
tazer8.dat 3967649 8313 0 0
tazer8.dat 9598470 8175 0 0
tazer4.dat 234282 8365 0 0
tazer4.dat 2147331 7989 0 0
tazer3.dat 248247 8802 0 0
tazer8.dat 5316966 7025 0 0
tazer8.dat 3537863 8486 0 0
tazer8.dat 1073491 8129 0 0
tazer3.dat 257049 8902 0 0
tazer4.dat 176186 7351 0 0
tazer8.dat 8445065 9418 0 0
tazer8.dat 7512623 7874 0 0
tazer8.dat 4877012 7371 0 0
tazer8.dat 6296357 8813 0 0
tazer8.dat 3206128 9571 0 0
tazer8.dat 8618087 8492 0 0
tazer4.dat 2288256 7374 0 0
tazer3.dat 265951 8230 0 0
tazer4.dat 2120857 9103 0 0
tazer3.dat 274181 8847 0 0
tazer8.dat 8891345 8353 0 0
tazer8.dat 9089135 9661 0 0
tazer8.dat 8275650 8760 0 0
tazer3.dat 283028 8644 0 0
tazer4.dat 1273953 8010 0 0
tazer8.dat 8017026 8572 0 0
tazer8.dat 9447377 7361 0 0
tazer8.dat 735522 6931 0 0
tazer8.dat 3563378 9137 0 0
tazer8.dat 2448024 7708 0 0
tazer8.dat 6804220 8190 0 0
tazer3.dat 291672 8583 0 0
tazer4.dat 2609714 7471 0 0
tazer3.dat 300255 8804 0 0
tazer8.dat 8757764 8891 0 0
tazer8.dat 7039600 7008 0 0
tazer8.dat 3497766 7097 0 0
tazer4.dat 905196 8021 0 0
tazer8.dat 1040367 6771 0 0
tazer8.dat 6653899 8332 0 0
tazer8.dat 7643802 9016 0 0
tazer4.dat 2633810 7176 0 0
tazer3.dat 309059 8554 0 0
tazer8.dat 3647821 8350 0 0
tazer8.dat 4386929 8967 0 0
tazer8.dat 7004437 7045 0 0
tazer4.dat 192185 9085 0 0
tazer3.dat 317613 7922 0 0
tazer8.dat 5220245 7854 0 0
tazer8.dat 5855202 7723 0 0
tazer8.dat 1209072 7712 0 0
tazer4.dat 1375972 7435 0 0
tazer3.dat 325535 8608 0 0
tazer4.dat 2412708 8366 0 0
tazer3.dat 334143 9204 0 0
tazer8.dat 9432264 7744 0 0
tazer8.dat 6718228 8578 0 0
tazer8.dat 7783765 6558 0 0
tazer8.dat 3633690 6197 0 0
tazer8.dat 8642683 6627 0 0
tazer8.dat 5482118 7975 0 0
tazer4.dat 808251 7871 0 0
tazer3.dat 343347 7480 0 0
tazer4.dat 153587 7136 0 0
tazer3.dat 350827 10566 0 0
tazer8.dat 9282642 9461 0 0
tazer8.dat 1990508 7127 0 0
tazer8.dat 5888299 9375 0 0
tazer3.dat 361393 7684 0 0
tazer8.dat 6386185 8374 0 0
tazer8.dat 5597365 8670 0 0
tazer8.dat 7489624 8057 0 0
tazer4.dat 1281963 8081 0 0
tazer4.dat 2007054 8094 0 0
tazer8.dat 8140909 8316 0 0
tazer8.dat 3588204 7240 0 0
tazer8.dat 8225128 8836 0 0
tazer3.dat 369077 7603 0 0
tazer3.dat 376680 7578 0 0
tazer4.dat 307994 6949 0 0
tazer8.dat 8537160 8961 0 0
tazer8.dat 7209988 8561 0 0
tazer8.dat 6438956 9890 0 0
tazer4.dat 890625 6727 0 0
tazer3.dat 384258 8310 0 0
tazer8.dat 3165327 8251 0 0
tazer8.dat 2844534 9985 0 0
tazer8.dat 7375804 9615 0 0
tazer3.dat 392568 8531 0 0
tazer8.dat 3150898 7274 0 0
tazer8.dat 1145233 6812 0 0
tazer8.dat 1170063 7238 0 0
tazer4.dat 1176316 8245 0 0
tazer8.dat 6139315 7761 0 0
tazer8.dat 2246881 8026 0 0
tazer8.dat 6264372 6813 0 0
tazer3.dat 401099 6894 0 0
tazer4.dat 293114 7370 0 0
tazer4.dat 2532048 8619 0 0
tazer8.dat 470105 8809 0 0
tazer8.dat 6812410 7637 0 0
tazer8.dat 1757798 8759 0 0
tazer3.dat 407993 9695 0 0
tazer4.dat 1313771 8551 0 0
tazer3.dat 417688 8977 0 0
tazer8.dat 7482334 7290 0 0
tazer8.dat 1026081 6560 0 0
tazer8.dat 5074800 8971 0 0
tazer4.dat 1534570 7160 0 0
tazer8.dat 4379661 7268 0 0
tazer8.dat 6430271 8685 0 0
tazer8.dat 9851763 8867 0 0
tazer3.dat 426665 8825 0 0
tazer3.dat 435490 8052 0 0
tazer4.dat 2674093 8639 0 0
tazer8.dat 8175495 8217 0 0
tazer8.dat 8602658 7538 0 0
tazer8.dat 6132662 6653 0 0
tazer3.dat 443542 9578 0 0
tazer4.dat 1305058 8713 0 0
tazer8.dat 7343098 10237 0 0
tazer8.dat 1522740 7299 0 0
tazer8.dat 3844661 8779 0 0
tazer4.dat 453909 7734 0 0
tazer3.dat 453120 8285 0 0
tazer8.dat 8322876 7083 0 0
tazer8.dat 4344827 8745 0 0
tazer8.dat 9713615 8196 0 0
tazer8.dat 5356714 8802 0 0
tazer8.dat 5588270 9095 0 0
tazer8.dat 6726806 7945 0 0
tazer4.dat 1854249 8709 0 0
tazer3.dat 461405 8451 0 0
tazer4.dat 2428939 6970 0 0
tazer8.dat 2828997 7971 0 0
tazer8.dat 8488897 7927 0 0
tazer8.dat 2338846 6944 0 0
tazer3.dat 469856 7546 0 0
tazer8.dat 6896610 8063 0 0
tazer8.dat 8674688 9169 0 0
tazer8.dat 331281 8540 0 0
tazer4.dat 2948589 9321 0 0
tazer3.dat 477402 6712 0 0
tazer8.dat 48916 8469 0 0
tazer8.dat 2579100 7416 0 0
tazer8.dat 8529365 7795 0 0
tazer4.dat 1266471 7482 0 0
tazer3.dat 484114 9208 0 0
tazer8.dat 7393766 7395 0 0
tazer8.dat 9629309 7421 0 0
tazer8.dat 3061676 6891 0 0
tazer3.dat 493322 7325 0 0
tazer4.dat 2473609 8071 0 0
tazer3.dat 500647 9037 0 0
tazer4.dat 541021 8577 0 0
tazer8.dat 4328020 8236 0 0
tazer8.dat 9816971 8223 0 0
tazer8.dat 4455229 7273 0 0
tazer4.dat 2690505 6086 0 0
tazer8.dat 9080798 8337 0 0
tazer8.dat 4980938 8383 0 0
tazer8.dat 8785037 8153 0 0
tazer3.dat 509684 8911 0 0
tazer3.dat 518595 8430 0 0
tazer4.dat 1739647 7216 0 0
tazer8.dat 7938168 7759 0 0
tazer8.dat 8372378 8619 0 0
tazer8.dat 171188 7903 0 0
tazer4.dat 1592208 7863 0 0
tazer8.dat 8076468 8703 0 0
tazer8.dat 8626579 7487 0 0
tazer8.dat 1272617 7390 0 0
tazer3.dat 527025 9269 0 0
tazer8.dat 7317302 8554 0 0
tazer8.dat 3006179 7768 0 0
tazer8.dat 2208920 7882 0 0
tazer4.dat 284882 8232 0 0
tazer3.dat 536294 7734 0 0
tazer4.dat 1615871 8950 0 0
tazer8.dat 8085171 8293 0 0
tazer8.dat 9646214 8659 0 0
tazer8.dat 5449818 8967 0 0
tazer3.dat 544028 8977 0 0
tazer3.dat 553005 8334 0 0
tazer8.dat 2353412 8286 0 0
tazer8.dat 3735373 7536 0 0
tazer8.dat 7161439 9608 0 0
tazer4.dat 2626494 7316 0 0
tazer4.dat 1754973 7274 0 0
tazer3.dat 561339 9605 0 0
tazer8.dat 8217776 7352 0 0
tazer8.dat 2178386 7708 0 0
tazer8.dat 4009062 9065 0 0
tazer8.dat 4535820 7753 0 0
tazer8.dat 1378560 7031 0 0
tazer8.dat 6221897 7869 0 0
tazer3.dat 570944 8561 0 0
tazer4.dat 1290044 7027 0 0
tazer3.dat 579505 9418 0 0
tazer8.dat 4780849 6459 0 0
tazer8.dat 5005564 8926 0 0
tazer8.dat 4422688 9149 0 0
tazer4.dat 1550528 7811 0 0
tazer4.dat 2821229 8162 0 0
tazer8.dat 6562855 7468 0 0
tazer8.dat 8363489 8889 0 0
tazer8.dat 2778954 9080 0 0
tazer3.dat 588923 7664 0 0
tazer3.dat 596587 8943 0 0
tazer8.dat 5846067 9135 0 0
tazer8.dat 3093982 8188 0 0
tazer8.dat 4844705 7718 0 0
tazer4.dat 1074947 9723 0 0
tazer8.dat 9072820 7978 0 0
tazer8.dat 2652661 7329 0 0
tazer8.dat 7954563 9411 0 0
tazer3.dat 605530 9419 0 0
tazer4.dat 2803517 9978 0 0
tazer8.dat 89964 8302 0 0
tazer8.dat 4884383 9422 0 0
tazer8.dat 1799046 9097 0 0
tazer4.dat 2112817 8040 0 0
tazer3.dat 614949 10155 0 0
tazer3.dat 625104 9245 0 0
tazer4.dat 689541 9271 0 0
tazer8.dat 4253130 7824 0 0
tazer8.dat 5254257 7448 0 0
tazer8.dat 5309427 7539 0 0
tazer4.dat 1446481 8909 0 0
tazer8.dat 1790990 8056 0 0
tazer8.dat 3611714 7402 0 0
tazer8.dat 1572702 9181 0 0
tazer3.dat 634349 7954 0 0
tazer3.dat 642303 8075 0 0
tazer8.dat 5373637 9212 0 0
tazer8.dat 7963974 9722 0 0
tazer8.dat 3345397 7202 0 0
tazer4.dat 1329206 6858 0 0
tazer8.dat 842477 7712 0 0
tazer8.dat 521543 7892 0 0
tazer8.dat 3809323 9764 0 0
tazer4.dat 1033654 8640 0 0
tazer3.dat 650378 7589 0 0
tazer3.dat 657967 9564 0 0
tazer8.dat 5031301 8788 0 0
tazer8.dat 6795315 8905 0 0
tazer8.dat 9606645 7566 0 0
tazer4.dat 1565932 9507 0 0
tazer3.dat 667531 7181 0 0
tazer4.dat 532500 8521 0 0
tazer8.dat 8266725 8925 0 0
tazer8.dat 2545149 7686 0 0
tazer8.dat 6820047 9706 0 0
tazer4.dat 405564 6973 0 0
tazer8.dat 2634861 8317 0 0
tazer8.dat 6694691 7841 0 0
tazer8.dat 6577255 8233 0 0
tazer3.dat 674712 8932 0 0
tazer4.dat 2207146 8362 0 0
tazer8.dat 1305179 6820 0 0
tazer8.dat 3404442 9308 0 0
tazer8.dat 6171724 10100 0 0
tazer3.dat 683644 7490 0 0
tazer3.dat 691134 9067 0 0
tazer4.dat 1242002 7604 0 0
tazer8.dat 1418261 7872 0 0
tazer8.dat 6361638 7967 0 0
tazer8.dat 5458785 7057 0 0
tazer4.dat 250279 9239 0 0
tazer3.dat 700201 8752 0 0
tazer8.dat 7030649 8951 0 0
tazer8.dat 1899834 7149 0 0
tazer8.dat 7652818 9283 0 0
tazer8.dat 4449136 6093 0 0
tazer8.dat 222755 7958 0 0
tazer8.dat 3513042 8807 0 0
tazer4.dat 1297071 7987 0 0
tazer3.dat 708953 9430 0 0
tazer4.dat 857555 7747 0 0
tazer8.dat 3861143 8794 0 0
tazer8.dat 688311 7993 0 0
tazer8.dat 8593973 8685 0 0
tazer3.dat 718383 7990 0 0
tazer3.dat 726373 8226 0 0
tazer4.dat 920424 7112 0 0
tazer8.dat 9480536 9308 0 0
tazer8.dat 8505324 8211 0 0
tazer8.dat 1136221 9012 0 0
tazer4.dat 1093461 8693 0 0
tazer3.dat 734599 9035 0 0
tazer8.dat 9323885 9368 0 0
tazer8.dat 6037567 8514 0 0
tazer8.dat 1622751 9044 0 0
tazer4.dat 1672454 8049 0 0
tazer3.dat 743634 6964 0 0
tazer8.dat 8834852 8360 0 0
tazer8.dat 9991504 8538 0 0
tazer8.dat 9704911 8704 0 0
tazer3.dat 750598 8385 0 0
tazer8.dat 6164146 7578 0 0
tazer8.dat 9929775 9933 0 0
tazer8.dat 3231442 7581 0 0
tazer4.dat 412537 9089 0 0
tazer3.dat 758983 8274 0 0
tazer4.dat 2015148 7548 0 0
tazer8.dat 3580474 7730 0 0
tazer8.dat 1705963 8896 0 0
tazer8.dat 1731479 8557 0 0
tazer8.dat 105809 8812 0 0
tazer8.dat 3927469 6374 0 0
tazer8.dat 3783417 7567 0 0
tazer3.dat 767257 7600 0 0
tazer4.dat 1999262 7792 0 0
tazer3.dat 774857 8156 0 0
tazer8.dat 1564436 8266 0 0
tazer8.dat 9843008 8755 0 0
tazer8.dat 2377011 7970 0 0
tazer4.dat 773274 8023 0 0
tazer3.dat 783013 7739 0 0
tazer4.dat 1541730 8798 0 0
tazer8.dat 2898529 8255 0 0
tazer8.dat 7923114 8792 0 0
tazer8.dat 6497768 6951 0 0
tazer8.dat 2409853 6870 0 0
tazer8.dat 8562541 7003 0 0
tazer8.dat 6206096 7185 0 0
tazer3.dat 790752 8452 0 0
tazer4.dat 430031 8023 0 0
tazer4.dat 1884930 9251 0 0
tazer8.dat 7610740 8633 0 0
tazer8.dat 3719073 8387 0 0
tazer8.dat 1949472 7684 0 0
tazer3.dat 799204 8173 0 0
tazer3.dat 807377 8104 0 0
tazer4.dat 823783 9048 0 0
tazer8.dat 6836980 8874 0 0
tazer8.dat 4616475 8443 0 0
tazer8.dat 7671639 6737 0 0
tazer3.dat 815481 7730 0 0
tazer4.dat 2256647 8896 0 0
tazer8.dat 4893805 8335 0 0
tazer8.dat 5323991 8844 0 0
tazer8.dat 3322974 7555 0 0
tazer4.dat 2215508 7249 0 0
tazer8.dat 2503344 8156 0 0
tazer8.dat 406201 8068 0 0
tazer8.dat 4139737 7487 0 0
tazer3.dat 823211 8153 0 0
tazer3.dat 831364 7277 0 0
tazer4.dat 2881661 9683 0 0
tazer8.dat 1846813 9137 0 0
tazer8.dat 2979648 9181 0 0
tazer8.dat 3639887 7934 0 0
tazer4.dat 953214 7409 0 0
tazer3.dat 838641 6342 0 0
tazer8.dat 5110181 6705 0 0
tazer8.dat 2138604 8269 0 0
tazer8.dat 5154347 8726 0 0
tazer4.dat 1344650 8654 0 0
tazer8.dat 8698837 9483 0 0
tazer8.dat 3546349 9159 0 0
tazer8.dat 3604175 7539 0 0
tazer3.dat 844983 7090 0 0
tazer3.dat 852073 8008 0 0
tazer4.dat 2939275 9314 0 0
tazer8.dat 7708800 7257 0 0
tazer8.dat 5188617 8511 0 0
tazer8.dat 4712164 8977 0 0
tazer3.dat 860081 7704 0 0
tazer4.dat 1141917 9732 0 0
tazer8.dat 7916556 6558 0 0
tazer8.dat 313267 10748 0 0
tazer8.dat 1590809 7886 0 0
tazer4.dat 2458252 6628 0 0
tazer8.dat 6448846 9039 0 0
tazer8.dat 6345339 8931 0 0
tazer8.dat 4787308 8847 0 0
tazer3.dat 867785 7730 0 0
tazer3.dat 875515 6855 0 0
tazer8.dat 5497770 5244 0 0
tazer8.dat 1002081 6644 0 0
tazer8.dat 5579780 8490 0 0
tazer4.dat 2380259 7007 0 0
tazer3.dat 882370 8826 0 0
tazer4.dat 1633060 8641 0 0
tazer8.dat 5829468 8396 0 0
tazer8.dat 7537841 8406 0 0
tazer8.dat 9440008 7369 0 0
tazer8.dat 4124465 7954 0 0
tazer8.dat 3116531 9457 0 0
tazer8.dat 2393556 7286 0 0
tazer3.dat 891196 8285 0 0
tazer4.dat 1016938 9014 0 0
tazer4.dat 2777558 7766 0 0
tazer3.dat 899481 7283 0 0
tazer8.dat 443951 7864 0 0
tazer8.dat 1514732 8008 0 0
tazer8.dat 9231908 9792 0 0
tazer8.dat 994145 7936 0 0
tazer8.dat 6928418 8922 0 0
tazer8.dat 4608379 8096 0 0
tazer4.dat 2735910 7598 0 0
tazer3.dat 906764 7593 0 0
tazer8.dat 2074675 8450 0 0
tazer8.dat 4763298 9536 0 0
tazer8.dat 8793190 7005 0 0
tazer4.dat 2813495 7734 0 0
tazer3.dat 914357 8801 0 0
tazer4.dat 969036 6750 0 0
tazer3.dat 923158 7517 0 0
tazer8.dat 5737141 10423 0 0
tazer8.dat 5520455 8484 0 0
tazer8.dat 32877 8719 0 0
tazer8.dat 3361370 9032 0 0
tazer8.dat 3313924 9050 0 0
tazer8.dat 2114857 9440 0 0
tazer4.dat 640040 8937 0 0
tazer3.dat 930675 7838 0 0
tazer4.dat 1762247 8861 0 0
tazer3.dat 938513 9467 0 0
tazer8.dat 421360 7383 0 0
tazer8.dat 1906983 8466 0 0
tazer8.dat 2527794 8722 0 0
tazer3.dat 947980 8107 0 0
tazer8.dat 1607710 7756 0 0
tazer8.dat 4245722 7408 0 0
tazer8.dat 7627025 8984 0 0
tazer4.dat 681333 8208 0 0
tazer8.dat 3853440 7703 0 0
tazer8.dat 1498991 8339 0 0
tazer8.dat 2943539 8789 0 0
tazer3.dat 956087 8131 0 0
tazer4.dat 1830840 8107 0 0
tazer8.dat 3454940 7961 0 0
tazer8.dat 3827247 8816 0 0
tazer8.dat 4812790 6393 0 0
tazer4.dat 2139490 7841 0 0
tazer3.dat 964218 8953 0 0
tazer8.dat 9489844 7013 0 0
tazer8.dat 6602921 9475 0 0
tazer8.dat 5245445 8812 0 0
tazer3.dat 973171 9069 0 0
tazer4.dat 1949518 7707 0 0
tazer8.dat 3264035 8420 0 0
tazer8.dat 494988 8003 0 0
tazer8.dat 3288398 8508 0 0
tazer4.dat 2155320 8664 0 0
tazer3.dat 982240 8714 0 0
tazer4.dat 2863375 9324 0 0
tazer3.dat 990954 7820 0 0
tazer8.dat 3765439 9705 0 0
tazer8.dat 5547025 8193 0 0
tazer8.dat 985760 8385 0 0
tazer3.dat 998774 7633 0 0
tazer8.dat 5988581 8949 0 0
tazer8.dat 381800 8514 0 0
tazer8.dat 1642089 8275 0 0
tazer4.dat 2191613 7899 0 0
tazer4.dat 1607351 8520 0 0
tazer8.dat 4180146 6704 0 0
tazer8.dat 3215699 8115 0 0
tazer8.dat 4624918 7130 0 0
tazer3.dat 1006407 9149 0 0
tazer3.dat 1015556 9236 0 0
tazer8.dat 6280126 8576 0 0
tazer8.dat 880523 9721 0 0
tazer8.dat 4560043 6981 0 0
tazer4.dat 664614 8521 0 0
tazer4.dat 1722323 8888 0 0
tazer8.dat 5660660 9380 0 0
tazer8.dat 179091 8368 0 0
tazer8.dat 7253540 7594 0 0
tazer3.dat 1024792 8823 0 0
tazer3.dat 1033615 9076 0 0
tazer8.dat 4737133 8997 0 0
tazer8.dat 5205166 7075 0 0
tazer8.dat 6321240 7507 0 0
tazer4.dat 209102 7814 0 0
tazer3.dat 1042691 6993 0 0
tazer8.dat 6570323 6932 0 0
tazer8.dat 7021995 8654 0 0
tazer8.dat 2186094 6742 0 0
tazer4.dat 936302 7529 0 0
tazer4.dat 1649557 7247 0 0
tazer8.dat 5612613 7422 0 0
tazer8.dat 7577998 8268 0 0
tazer8.dat 4665500 7778 0 0
tazer3.dat 1049684 7729 0 0
tazer4.dat 40432 7474 0 0
tazer3.dat 1057413 8272 0 0
tazer8.dat 9888271 9303 0 0
tazer8.dat 1923295 7802 0 0
tazer8.dat 8209248 8528 0 0
tazer8.dat 928396 7316 0 0
tazer8.dat 8749892 7872 0 0
tazer8.dat 6403029 9979 0 0
tazer4.dat 1526319 8251 0 0
tazer3.dat 1065685 8017 0 0
tazer3.dat 1073702 7081 0 0
tazer4.dat 345613 9167 0 0
tazer8.dat 4478219 7663 0 0
tazer8.dat 9454738 9648 0 0
tazer8.dat 502991 8532 0 0
tazer4.dat 475903 7278 0 0
tazer8.dat 4026524 8253 0 0
tazer8.dat 9473290 7246 0 0
tazer8.dat 8825872 8980 0 0
tazer3.dat 1080783 8631 0 0
tazer8.dat 487563 7425 0 0
tazer8.dat 3918987 8482 0 0
tazer8.dat 5696294 8176 0 0
tazer4.dat 1902377 7595 0 0
tazer3.dat 1089414 8864 0 0
tazer8.dat 7843646 8203 0 0
tazer8.dat 945145 7354 0 0
tazer8.dat 397780 8421 0 0
tazer3.dat 1098278 7650 0 0
tazer4.dat 1600071 7280 0 0
tazer3.dat 1105928 7605 0 0
tazer8.dat 6742265 8049 0 0
tazer8.dat 6229766 7837 0 0
tazer8.dat 6012056 7864 0 0
tazer4.dat 1400143 7943 0 0
tazer4.dat 468911 6992 0 0
tazer3.dat 1113533 8672 0 0
tazer8.dat 390314 7466 0 0
tazer8.dat 8389363 8620 0 0
tazer8.dat 4917683 7262 0 0
tazer8.dat 7725413 8191 0 0
tazer8.dat 7419711 7998 0 0
tazer8.dat 4363246 8851 0 0
tazer4.dat 1942999 6519 0 0
tazer3.dat 1122205 7496 0 0
tazer8.dat 1311999 9906 0 0
tazer8.dat 1321905 8204 0 0
tazer8.dat 339821 8042 0 0
tazer4.dat 960623 8413 0 0
tazer3.dat 1129701 8795 0 0
tazer3.dat 1138496 8571 0 0
tazer4.dat 1391507 8636 0 0
tazer8.dat 6750314 8731 0 0
tazer8.dat 1723160 8319 0 0
tazer8.dat 278979 8463 0 0
tazer3.dat 1147067 7436 0 0
tazer8.dat 6585488 7805 0 0
tazer8.dat 4057579 8039 0 0
tazer8.dat 8860667 5935 0 0
tazer4.dat 446157 7752 0 0
tazer4.dat 2174179 8700 0 0
tazer3.dat 1154503 8136 0 0
tazer8.dat 6237603 9545 0 0
tazer8.dat 4469828 8391 0 0
tazer8.dat 4932879 7967 0 0
tazer4.dat 2785324 10162 0 0
tazer8.dat 7497681 7299 0 0
tazer8.dat 1008725 8772 0 0
tazer8.dat 3239023 8208 0 0
tazer3.dat 1162639 9255 0 0
tazer4.dat 1771108 6388 0 0
tazer8.dat 8708320 8094 0 0
tazer8.dat 7701850 6950 0 0
tazer8.dat 1201126 7946 0 0
tazer3.dat 1171894 6983 0 0
tazer4.dat 2743508 9307 0 0
tazer8.dat 4222013 6850 0 0
tazer8.dat 2023624 9000 0 0
tazer8.dat 6759045 8703 0 0
tazer3.dat 1178877 8781 0 0
tazer8.dat 7178278 8969 0 0
tazer8.dat 718696 8226 0 0
tazer8.dat 5880713 7586 0 0
tazer4.dat 2829391 9200 0 0
tazer3.dat 1187658 6885 0 0
tazer4.dat 2129960 9530 0 0
tazer3.dat 1194543 8680 0 0
tazer8.dat 16423 8011 0 0
tazer8.dat 2321170 9642 0 0
tazer8.dat 2083125 8531 0 0
tazer8.dat 5341383 7225 0 0
tazer8.dat 5837864 8203 0 0
tazer8.dat 1224660 8922 0 0
tazer4.dat 2335345 9191 0 0
tazer3.dat 1203223 9541 0 0
tazer3.dat 1212764 7262 0 0
tazer4.dat 1214984 10290 0 0
tazer8.dat 5365516 8121 0 0
tazer8.dat 9564323 9135 0 0
tazer8.dat 7171047 7231 0 0
tazer3.dat 1220026 8095 0 0
tazer4.dat 2319410 8080 0 0
tazer8.dat 3272455 7968 0 0
tazer8.dat 5955828 8506 0 0
tazer8.dat 1890551 9283 0 0
tazer4.dat 975786 8932 0 0
tazer3.dat 1228121 8531 0 0
tazer8.dat 5293509 8160 0 0
tazer8.dat 154655 9242 0 0
tazer8.dat 270038 8941 0 0
tazer4.dat 1184561 7571 0 0
tazer3.dat 1236652 7127 0 0
tazer8.dat 5981206 7375 0 0
tazer8.dat 2104805 10052 0 0
tazer8.dat 8866602 7384 0 0
tazer8.dat 5680176 7424 0 0
tazer8.dat 2384981 8575 0 0
tazer8.dat 7758160 8044 0 0
tazer3.dat 1243779 8109 0 0
tazer4.dat 1698215 7923 0 0
tazer3.dat 1251888 8514 0 0
tazer4.dat 1656804 8392 0 0
tazer8.dat 6054531 7132 0 0
tazer8.dat 7201774 8214 0 0
tazer8.dat 9760382 7956 0 0
tazer4.dat 1501942 8329 0 0
tazer8.dat 2747455 7434 0 0
tazer8.dat 7504980 7643 0 0
tazer8.dat 3330529 7553 0 0
tazer3.dat 1260402 8604 0 0
tazer8.dat 3296906 9458 0 0
tazer8.dat 6767748 9430 0 0
tazer8.dat 656713 8462 0 0
tazer4.dat 2929238 10037 0 0
tazer3.dat 1269006 8166 0 0
tazer3.dat 1277172 8893 0 0
tazer8.dat 9614211 7797 0 0
tazer8.dat 8513535 7595 0 0
tazer8.dat 3021493 7738 0 0
tazer4.dat 105158 8244 0 0
tazer8.dat 8299232 8227 0 0
tazer8.dat 599936 7735 0 0
tazer8.dat 2906784 10473 0 0
tazer4.dat 1408086 8815 0 0
tazer3.dat 1286065 7786 0 0
tazer3.dat 1293851 10627 0 0
tazer4.dat 648977 7369 0 0
tazer8.dat 7353335 7319 0 0
tazer8.dat 4721141 7843 0 0
tazer8.dat 8125824 7506 0 0
tazer3.dat 1304478 8726 0 0
tazer8.dat 766118 8727 0 0
tazer8.dat 1464880 8408 0 0
tazer8.dat 1081620 8665 0 0
tazer4.dat 2163984 10195 0 0
tazer8.dat 9946996 8714 0 0
tazer8.dat 6394559 8470 0 0
tazer8.dat 8732712 8880 0 0
tazer3.dat 1313204 8188 0 0
tazer4.dat 201270 7832 0 0
tazer4.dat 1168387 7929 0 0
tazer8.dat 3053943 7733 0 0
tazer8.dat 7529224 8617 0 0
tazer8.dat 478914 8649 0 0
tazer3.dat 1321392 8044 0 0
tazer3.dat 1329436 7507 0 0
tazer8.dat 4501468 7995 0 0
tazer8.dat 9833721 9287 0 0
tazer8.dat 9241700 7840 0 0
tazer4.dat 2997405 7666 0 0
tazer8.dat 9192305 8385 0 0
tazer8.dat 1426133 7231 0 0
tazer8.dat 2370057 6954 0 0
tazer4.dat 2279947 8309 0 0
tazer3.dat 1336943 7872 0 0
tazer8.dat 5914515 9457 0 0
tazer8.dat 8428354 7694 0 0
tazer8.dat 2740390 7065 0 0
tazer3.dat 1344815 6687 0 0
tazer4.dat 1715029 7294 0 0
tazer3.dat 1351502 8214 0 0
tazer8.dat 4852423 8098 0 0
tazer8.dat 9408524 7506 0 0
tazer8.dat 8683857 6677 0 0
tazer4.dat 1909972 8566 0 0
tazer8.dat 1369972 8588 0 0
tazer8.dat 5606035 6578 0 0
tazer8.dat 4972549 8389 0 0
tazer4.dat 1706138 8891 0 0
tazer3.dat 1359716 8576 0 0
tazer3.dat 1368292 8314 0 0
tazer4.dat 242647 7632 0 0
tazer8.dat 9021028 8222 0 0
tazer8.dat 2271143 8706 0 0
tazer8.dat 1184352 8513 0 0
tazer4.dat 1361539 7673 0 0
tazer3.dat 1376606 7516 0 0
tazer8.dat 2725863 7028 0 0
tazer8.dat 2400842 9011 0 0
tazer8.dat 8800195 8056 0 0
tazer3.dat 1384122 9339 0 0
tazer8.dat 5780014 8544 0 0
tazer8.dat 5014490 8114 0 0
tazer8.dat 4065618 8679 0 0
tazer4.dat 631314 8726 0 0
tazer8.dat 8555055 7486 0 0
tazer8.dat 1441029 8230 0 0
tazer8.dat 2511500 8302 0 0
tazer4.dat 136376 8604 0 0
tazer3.dat 1393461 8558 0 0
tazer8.dat 3711564 7509 0 0
tazer8.dat 3370402 8592 0 0
tazer8.dat 9800810 7618 0 0
tazer4.dat 2795486 8031 0 0
tazer3.dat 1402019 8316 0 0
tazer3.dat 1410335 7452 0 0
tazer8.dat 5539046 7979 0 0
tazer8.dat 9688798 8552 0 0
tazer8.dat 2216802 7665 0 0
tazer4.dat 323107 6734 0 0
tazer3.dat 1417787 8303 0 0
tazer4.dat 605508 7984 0 0
tazer8.dat 2820001 8996 0 0
tazer8.dat 8357311 6178 0 0
tazer8.dat 3669658 7983 0 0
tazer4.dat 113402 7160 0 0
tazer3.dat 1426090 7842 0 0
tazer8.dat 7603223 7517 0 0
tazer8.dat 347863 7763 0 0
tazer8.dat 6354270 7368 0 0
tazer8.dat 9416030 7348 0 0
tazer8.dat 1650364 7315 0 0
tazer8.dat 977009 8751 0 0
tazer3.dat 1433932 7869 0 0
tazer4.dat 1439336 7145 0 0
tazer3.dat 1441801 8005 0 0
tazer4.dat 992998 7941 0 0
tazer8.dat 7999699 8423 0 0
tazer8.dat 3338082 7315 0 0
tazer8.dat 1362708 7264 0 0
tazer8.dat 365119 9371 0 0
tazer8.dat 9537278 7890 0 0
tazer8.dat 3530195 7668 0 0
tazer3.dat 1449806 7457 0 0
tazer4.dat 483181 8506 0 0
tazer8.dat 5083771 8671 0 0
tazer8.dat 7261134 8191 0 0
tazer8.dat 7945927 8636 0 0
tazer3.dat 1457263 9014 0 0
tazer4.dat 841029 8939 0 0
tazer8.dat 5441141 8677 0 0
tazer8.dat 1964281 10019 0 0
tazer8.dat 8578561 6739 0 0
tazer4.dat 1980924 8154 0 0
tazer3.dat 1466277 8038 0 0
tazer8.dat 4728984 8149 0 0
tazer8.dat 2552835 8225 0 0
tazer8.dat 4000552 8510 0 0
tazer4.dat 338049 7564 0 0
tazer3.dat 1474315 7529 0 0
tazer3.dat 1481844 8790 0 0
tazer8.dat 1457488 7392 0 0
tazer8.dat 4431837 7939 0 0
tazer8.dat 6190322 7797 0 0
tazer4.dat 715717 8335 0 0
tazer4.dat 2029826 7801 0 0
tazer8.dat 4805529 7261 0 0
tazer8.dat 3677641 8673 0 0
tazer8.dat 4772834 8015 0 0
tazer3.dat 1490634 9730 0 0
tazer8.dat 7809001 8358 0 0
tazer8.dat 935712 9433 0 0
tazer8.dat 2872911 8906 0 0
tazer3.dat 1500364 8705 0 0
tazer4.dat 2397320 7259 0 0
tazer4.dat 943831 9383 0 0
tazer3.dat 1509069 7424 0 0
tazer8.dat 2709489 7854 0 0
tazer8.dat 7334789 8309 0 0
tazer8.dat 4796155 9374 0 0
tazer3.dat 1516493 8840 0 0
tazer4.dat 1249606 8561 0 0
tazer8.dat 5572288 7492 0 0
tazer8.dat 4083671 6975 0 0
tazer8.dat 9207778 8455 0 0
tazer4.dat 590678 7458 0 0
tazer3.dat 1525333 8453 0 0
tazer8.dat 6888434 8176 0 0
tazer8.dat 5348608 8106 0 0
tazer8.dat 9970688 7078 0 0
tazer3.dat 1533786 8541 0 0
tazer4.dat 2094623 10564 0 0
tazer8.dat 5040089 7893 0 0
tazer8.dat 1330109 6633 0 0
tazer8.dat 3352599 8771 0 0
tazer8.dat 3462901 8566 0 0
tazer8.dat 7563127 7019 0 0
tazer8.dat 7411665 8046 0 0
tazer3.dat 1542327 7791 0 0
tazer4.dat 1486512 7617 0 0
tazer8.dat 9292103 8413 0 0
tazer8.dat 5022604 8697 0 0
tazer8.dat 511523 10020 0 0
tazer4.dat 1416901 6683 0 0
tazer3.dat 1550118 8850 0 0
tazer3.dat 1558968 9315 0 0
tazer4.dat 2044613 9190 0 0
tazer8.dat 1673196 10296 0 0
tazer8.dat 1280007 9179 0 0
tazer8.dat 9752873 7509 0 0
tazer4.dat 2617185 9309 0 0
tazer3.dat 1568283 8500 0 0
tazer8.dat 9581263 8652 0 0
tazer8.dat 8470791 8893 0 0
tazer8.dat 7662101 9538 0 0
tazer4.dat 927536 8766 0 0
tazer3.dat 1576783 7751 0 0
tazer8.dat 8043536 8308 0 0
tazer8.dat 4171954 8192 0 0
tazer8.dat 7218549 8093 0 0
tazer4.dat 2682732 7773 0 0
tazer8.dat 7774741 9024 0 0
tazer8.dat 3727460 7913 0 0
tazer8.dat 3013947 7546 0 0
tazer3.dat 1584534 9704 0 0
tazer3.dat 1594238 7870 0 0
tazer4.dat 1510271 7679 0 0
tazer8.dat 9496857 7450 0 0
tazer8.dat 6670102 7291 0 0
tazer8.dat 5056287 9112 0 0
tazer3.dat 1602108 8852 0 0
tazer8.dat 1714859 8301 0 0
tazer8.dat 1449259 8229 0 0
tazer8.dat 9249540 7863 0 0
tazer4.dat 656346 8268 0 0
tazer4.dat 673135 8198 0 0
tazer8.dat 3134300 8643 0 0
tazer8.dat 3036517 8121 0 0
tazer8.dat 1683492 7408 0 0
tazer3.dat 1610960 7733 0 0
tazer8.dat 2059324 7536 0 0
tazer8.dat 2146873 6019 0 0
tazer8.dat 9869559 9046 0 0
tazer4.dat 1192132 7924 0 0
tazer3.dat 1618693 6296 0 0
tazer3.dat 1624989 7615 0 0
tazer8.dat 66292 7618 0 0
tazer8.dat 9374604 9578 0 0
tazer8.dat 4902140 8180 0 0
tazer4.dat 1463772 7217 0 0
tazer3.dat 1632604 8004 0 0
tazer4.dat 216916 8999 0 0
tazer8.dat 8051844 7728 0 0
tazer8.dat 6213281 8616 0 0
tazer8.dat 4163897 8057 0 0
tazer4.dat 2600759 8955 0 0
tazer8.dat 5862925 9821 0 0
tazer8.dat 6945623 8223 0 0
tazer8.dat 7860384 8525 0 0
tazer3.dat 1640608 7504 0 0
tazer3.dat 1648112 7592 0 0
tazer8.dat 3189660 7976 0 0
tazer8.dat 7931906 6262 0 0
tazer8.dat 4746130 8101 0 0
tazer4.dat 2838591 8454 0 0
tazer3.dat 1655704 7916 0 0
tazer8.dat 726922 8600 0 0
tazer8.dat 3044638 9305 0 0
tazer8.dat 9216233 8762 0 0
tazer4.dat 120562 7578 0 0
tazer3.dat 1663620 8911 0 0
tazer4.dat 1206846 8138 0 0
tazer8.dat 1823232 9135 0 0
tazer8.dat 9400556 7968 0 0
tazer8.dat 5948747 7081 0 0
tazer8.dat 7269325 8699 0 0
tazer8.dat 7636009 7793 0 0
tazer8.dat 8397983 7870 0 0
tazer4.dat 259518 8582 0 0
tazer3.dat 1672531 8881 0 0
tazer4.dat 47906 8283 0 0
tazer8.dat 1815571 7661 0 0
tazer8.dat 1665666 7530 0 0
tazer8.dat 4108064 8153 0 0
tazer3.dat 1681412 7990 0 0
tazer3.dat 1689402 8852 0 0
tazer4.dat 144980 8607 0 0
tazer8.dat 5764922 6372 0 0
tazer8.dat 9955710 7324 0 0
tazer8.dat 546393 7593 0 0
tazer4.dat 2973521 7863 0 0
tazer8.dat 8025598 8742 0 0
tazer8.dat 3102170 7007 0 0
tazer8.dat 2170444 7942 0 0
tazer3.dat 1698254 8052 0 0
tazer8.dat 4018127 8397 0 0
tazer8.dat 9878605 9666 0 0
tazer8.dat 7079677 8585 0 0
tazer4.dat 491687 8403 0 0
tazer3.dat 1706306 7729 0 0
tazer3.dat 1714035 7659 0 0
tazer4.dat 2080210 7253 0 0
tazer8.dat 4413585 9103 0 0
tazer8.dat 9274020 8622 0 0
tazer8.dat 3256360 7675 0 0
tazer4.dat 1109444 8437 0 0
tazer8.dat 6071159 8605 0 0
tazer8.dat 4910320 7363 0 0
tazer8.dat 5047982 8305 0 0
tazer3.dat 1721694 8051 0 0
tazer4.dat 2182879 8734 0 0
tazer8.dat 6529862 7998 0 0
tazer8.dat 6537860 9370 0 0
tazer8.dat 1774519 8292 0 0
tazer3.dat 1729745 9330 0 0
tazer8.dat 5399409 7353 0 0
tazer8.dat 2303499 9582 0 0
tazer8.dat 4599954 8425 0 0
tazer4.dat 1792239 7028 0 0
tazer3.dat 1739075 8717 0 0
tazer8.dat 7851849 8535 0 0
tazer8.dat 5670040 10136 0 0
tazer8.dat 6646015 7884 0 0
tazer3.dat 1747792 9158 0 0
tazer4.dat 724052 7423 0 0
tazer3.dat 1756950 8981 0 0
tazer8.dat 6854142 10140 0 0
tazer8.dat 2487027 8006 0 0
tazer8.dat 1740036 8994 0 0
tazer4.dat 1665196 7258 0 0
tazer3.dat 1765931 7639 0 0
tazer4.dat 33001 7431 0 0
tazer8.dat 8724710 8002 0 0
tazer8.dat 5721155 8894 0 0
tazer8.dat 9300516 7941 0 0
tazer4.dat 1965909 7354 0 0
tazer3.dat 1773570 8765 0 0
tazer8.dat 9123782 8212 0 0
tazer8.dat 4116217 8248 0 0
tazer8.dat 919900 8496 0 0
tazer3.dat 1782335 7747 0 0
tazer4.dat 1057905 8301 0 0
tazer8.dat 2561060 10261 0 0
tazer8.dat 2770918 8036 0 0
tazer8.dat 9106427 8663 0 0
tazer3.dat 1790082 8808 0 0
tazer8.dat 2345790 7622 0 0
tazer8.dat 6079764 7116 0 0
tazer8.dat 2997662 8517 0 0
tazer4.dat 816122 7661 0 0
tazer8.dat 607671 6943 0 0
tazer8.dat 8716414 8296 0 0
tazer8.dat 679245 9066 0 0
tazer4.dat 1258167 8304 0 0
tazer3.dat 1798890 5982 0 0
tazer3.dat 1804872 8260 0 0
tazer8.dat 4575011 8124 0 0
tazer8.dat 6864282 7190 0 0
tazer8.dat 9663407 9062 0 0
tazer4.dat 2897681 8744 0 0
tazer4.dat 1431093 8243 0 0
tazer3.dat 1813132 8072 0 0
tazer8.dat 1401103 9388 0 0
tazer8.dat 2863626 9285 0 0
tazer8.dat 4680406 7805 0 0
tazer8.dat 3895610 6900 0 0
tazer8.dat 2659990 8078 0 0
tazer8.dat 2232000 7301 0 0
tazer4.dat 708830 6887 0 0
tazer3.dat 1821204 7453 0 0
tazer4.dat 1862958 7038 0 0
tazer8.dat 7235487 8418 0 0
tazer8.dat 5474883 7235 0 0
tazer8.dat 3429460 8439 0 0
tazer3.dat 1828657 8137 0 0
tazer4.dat 2087463 7160 0 0
tazer3.dat 1836794 7840 0 0
tazer8.dat 3413750 7067 0 0
tazer8.dat 9512536 8158 0 0
tazer8.dat 4147224 8039 0 0
tazer4.dat 1102154 7290 0 0
tazer8.dat 1241406 7586 0 0
tazer8.dat 6777178 9146 0 0
tazer8.dat 3910625 8362 0 0
tazer3.dat 1844634 7684 0 0
tazer4.dat 2303845 8219 0 0
tazer8.dat 1530039 8076 0 0
tazer8.dat 5747564 9502 0 0
tazer8.dat 1345046 8044 0 0
tazer3.dat 1852318 7529 0 0
tazer3.dat 1859847 7314 0 0
tazer8.dat 791398 8459 0 0
tazer8.dat 2439142 8882 0 0
tazer8.dat 7360654 8575 0 0
tazer4.dat 1575439 7704 0 0
tazer4.dat 2421074 7865 0 0
tazer3.dat 1867161 9598 0 0
tazer8.dat 5391368 8041 0 0
tazer8.dat 5814962 6626 0 0
tazer8.dat 7194828 6946 0 0
tazer8.dat 4439776 9360 0 0
tazer8.dat 2495033 8311 0 0
tazer8.dat 1840370 6443 0 0
tazer4.dat 1478844 7668 0 0
tazer3.dat 1876759 8314 0 0
tazer8.dat 2952328 9604 0 0
tazer8.dat 3504863 8179 0 0
tazer8.dat 1056670 8196 0 0
tazer4.dat 2071963 8247 0 0
tazer3.dat 1885073 8684 0 0
tazer3.dat 1893757 9590 0 0
tazer4.dat 300484 7510 0 0
tazer8.dat 7466845 8329 0 0
tazer8.dat 4462502 7326 0 0
tazer8.dat 665175 8841 0 0
tazer4.dat 500090 8472 0 0
tazer8.dat 4213659 8354 0 0
tazer8.dat 674016 5229 0 0
tazer8.dat 3471467 8009 0 0
tazer3.dat 1903347 8968 0 0
tazer3.dat 1912315 7664 0 0
tazer8.dat 7884651 8836 0 0
tazer8.dat 7981423 9636 0 0
tazer8.dat 1047138 9532 0 0
tazer4.dat 24212 8789 0 0
tazer4.dat 2964780 8741 0 0
tazer3.dat 1919979 7681 0 0
tazer8.dat 6466318 8307 0 0
tazer8.dat 214138 8617 0 0
tazer8.dat 4090646 8777 0 0
tazer3.dat 1927660 8766 0 0
tazer8.dat 4696137 7791 0 0
tazer8.dat 5465842 9041 0 0
tazer8.dat 5116886 7257 0 0
tazer4.dat 897352 7844 0 0
tazer3.dat 1936426 8709 0 0
tazer4.dat 2703729 8155 0 0
tazer8.dat 1433364 7665 0 0
tazer8.dat 4860521 7876 0 0
tazer8.dat 9963034 7654 0 0
tazer3.dat 1945135 8225 0 0
tazer4.dat 1470989 7855 0 0
tazer8.dat 865314 7601 0 0
tazer8.dat 3479476 8708 0 0
tazer8.dat 4949293 8374 0 0
tazer4.dat 183537 8648 0 0
tazer8.dat 9056673 8367 0 0
tazer8.dat 8496824 8500 0 0
tazer8.dat 9159534 6565 0 0
tazer3.dat 1953360 8102 0 0
tazer4.dat 790062 9293 0 0
tazer3.dat 1961462 8424 0 0
tazer8.dat 8843212 7998 0 0
tazer8.dat 6996005 8432 0 0
tazer8.dat 8766655 8984 0 0
tazer8.dat 7716057 9356 0 0
tazer8.dat 1615466 7285 0 0
tazer8.dat 7309553 7749 0 0
tazer3.dat 1969886 7642 0 0
tazer4.dat 461643 7268 0 0
tazer8.dat 3902510 8115 0 0
tazer8.dat 7790323 9583 0 0
tazer8.dat 6109799 7960 0 0
tazer3.dat 1977528 9463 0 0
tazer4.dat 56189 8819 0 0
tazer4.dat 2696591 7138 0 0
tazer8.dat 1782811 8179 0 0
tazer8.dat 7106486 8872 0 0
tazer8.dat 2881817 9086 0 0
tazer3.dat 1986991 7581 0 0
tazer3.dat 1994572 7592 0 0
tazer8.dat 9184534 7771 0 0
tazer8.dat 4395896 9394 0 0
tazer8.dat 5771294 8720 0 0
tazer4.dat 15366 8846 0 0
tazer4.dat 747907 9480 0 0
tazer8.dat 8307459 7746 0 0
tazer8.dat 2042408 8224 0 0
tazer8.dat 4658519 6981 0 0
tazer3.dat 2002164 9305 0 0
tazer4.dat 1383407 8100 0 0
tazer3.dat 2011469 7657 0 0
tazer8.dat 1544748 9859 0 0
tazer8.dat 6962926 8849 0 0
tazer8.dat 2685440 8152 0 0
tazer3.dat 2019126 7683 0 0
tazer4.dat 2247746 8901 0 0
tazer8.dat 3950987 8348 0 0
tazer8.dat 4868397 8615 0 0
tazer8.dat 5171576 7114 0 0
tazer4.dat 2105187 7630 0 0
tazer3.dat 2026809 7133 0 0
tazer8.dat 4591919 8035 0 0
tazer8.dat 3387473 7737 0 0
tazer8.dat 7570146 7852 0 0
tazer3.dat 2033942 7603 0 0
tazer8.dat 1353090 9618 0 0
tazer8.dat 4204470 9189 0 0
tazer8.dat 5933708 7388 0 0
tazer4.dat 1777496 7674 0 0
tazer4.dat 739248 8659 0 0
tazer8.dat 7131372 7699 0 0
tazer8.dat 1554607 9829 0 0
tazer8.dat 1192865 8261 0 0
tazer3.dat 2041545 8551 0 0
tazer3.dat 2050096 7118 0 0
tazer4.dat 2353653 8893 0 0
tazer8.dat 1336742 8304 0 0
tazer8.dat 8233964 7048 0 0
tazer8.dat 4649150 9369 0 0
tazer8.dat 2239301 7580 0 0
tazer8.dat 461052 9053 0 0
tazer8.dat 8454483 8737 0 0
tazer4.dat 2583217 8101 0 0
tazer3.dat 2057214 8830 0 0
tazer3.dat 2066044 7856 0 0
tazer4.dat 1025952 7702 0 0
tazer8.dat 7546247 8149 0 0
tazer8.dat 7893487 6509 0 0
tazer8.dat 7046608 7979 0 0
tazer4.dat 2656341 8957 0 0
tazer8.dat 123080 9498 0 0
tazer8.dat 4819183 8777 0 0
tazer8.dat 585790 6223 0 0
tazer3.dat 2073900 8198 0 0
tazer3.dat 2082098 9557 0 0
tazer8.dat 3742909 7732 0 0
tazer8.dat 6912801 7980 0 0
tazer8.dat 704181 7773 0 0
tazer4.dat 1008952 7986 0 0
tazer3.dat 2091655 6012 0 0
tazer8.dat 7619373 7652 0 0
tazer8.dat 7834721 8925 0 0
tazer8.dat 9257403 9162 0 0
tazer4.dat 81383 8560 0 0
tazer3.dat 2097667 7088 0 0
tazer4.dat 731475 7773 0 0
tazer8.dat 287442 7943 0 0
tazer8.dat 6710019 8209 0 0
tazer8.dat 2571321 7779 0 0
tazer8.dat 5146045 8302 0 0
tazer8.dat 9047221 9452 0 0
tazer8.dat 9776707 8654 0 0
tazer3.dat 2104755 6137 0 0
tazer4.dat 781297 8765 0 0
tazer4.dat 72668 8715 0 0
tazer8.dat 6845854 8288 0 0
tazer8.dat 2015741 7883 0 0
tazer8.dat 858697 6617 0 0
tazer3.dat 2110892 8020 0 0
tazer4.dat 65008 7660 0 0
tazer3.dat 2118912 7702 0 0
tazer8.dat 3702990 8574 0 0
tazer8.dat 9166099 8700 0 0
tazer8.dat 205685 8453 0 0
tazer3.dat 2126614 8561 0 0
tazer8.dat 8183712 7657 0 0
tazer8.dat 1872653 8792 0 0
tazer8.dat 5964334 8636 0 0
tazer4.dat 2062564 9399 0 0
tazer4.dat 1042294 7540 0 0
tazer8.dat 5620035 8044 0 0
tazer8.dat 4673278 7128 0 0
tazer8.dat 6612396 8704 0 0
tazer3.dat 2135175 7014 0 0
tazer4.dat 1957225 8684 0 0
tazer3.dat 2142189 8810 0 0
tazer8.dat 0 8148 0 0
tazer8.dat 9785361 7358 0 0
tazer8.dat 8816527 9345 0 0
tazer4.dat 1926287 9069 0 0
tazer3.dat 2150999 8145 0 0
tazer8.dat 6256207 8165 0 0
tazer8.dat 8405853 9216 0 0
tazer8.dat 9115090 8692 0 0
tazer4.dat 2507048 9052 0 0
tazer8.dat 3085255 8727 0 0
tazer8.dat 8158279 8978 0 0
tazer8.dat 4509463 9384 0 0
tazer3.dat 2159144 8667 0 0
tazer3.dat 2167811 8556 0 0
tazer4.dat 1808525 7344 0 0
tazer8.dat 529435 8451 0 0
tazer8.dat 1090285 7698 0 0
tazer8.dat 5382849 8519 0 0
tazer3.dat 2176367 7337 0 0
tazer4.dat 1641701 7856 0 0
tazer8.dat 3775144 8273 0 0
tazer8.dat 9358328 7520 0 0
tazer8.dat 3173578 9261 0 0
tazer3.dat 2183704 9060 0 0
tazer8.dat 4997837 7727 0 0
tazer8.dat 5972970 8236 0 0
tazer8.dat 7122785 8587 0 0
tazer4.dat 525005 7495 0 0
tazer3.dat 2192764 7719 0 0
tazer8.dat 7451044 8939 0 0
tazer8.dat 9224995 6913 0 0
tazer8.dat 872915 7608 0 0
tazer4.dat 1918538 7749 0 0
tazer8.dat 2124297 7053 0 0
tazer8.dat 592013 7923 0 0
tazer8.dat 5805684 9278 0 0
tazer4.dat 1336064 8586 0 0
tazer3.dat 2200483 6710 0 0
tazer4.dat 1455390 8382 0 0
tazer8.dat 8873986 9119 0 0
tazer8.dat 4567024 7987 0 0
tazer8.dat 9200690 7088 0 0
tazer3.dat 2207193 7923 0 0
tazer8.dat 8585300 8673 0 0
tazer8.dat 7586266 8462 0 0
tazer8.dat 9922095 7680 0 0
tazer4.dat 2053803 8761 0 0
tazer3.dat 2215116 7414 0 0
tazer8.dat 6489957 7811 0 0
tazer8.dat 305002 8265 0 0
tazer8.dat 5821588 7880 0 0
tazer3.dat 2222530 7732 0 0
tazer4.dat 2464880 8729 0 0
tazer3.dat 2230262 8353 0 0
tazer4.dat 1823166 7674 0 0
tazer8.dat 2788034 7739 0 0
tazer8.dat 7594728 8495 0 0
tazer8.dat 7071262 8415 0 0
tazer4.dat 1225274 8326 0 0
tazer3.dat 2238615 7723 0 0
tazer8.dat 6734751 7514 0 0
tazer8.dat 8907947 9081 0 0
tazer8.dat 1855950 9692 0 0
tazer8.dat 2676211 9229 0 0
tazer8.dat 8775639 9398 0 0
tazer8.dat 6181824 8498 0 0
tazer3.dat 2246338 8711 0 0
tazer4.dat 549598 7147 0 0
tazer8.dat 9554852 9471 0 0
tazer8.dat 2754889 7033 0 0
tazer8.dat 1097983 5997 0 0
tazer3.dat 2255049 8536 0 0
tazer4.dat 598136 7372 0 0
tazer8.dat 7475174 7160 0 0
tazer8.dat 4957667 8513 0 0
tazer8.dat 7520497 8727 0 0
tazer3.dat 2263585 9541 0 0
tazer4.dat 225915 8367 0 0
tazer4.dat 1000939 8013 0 0
tazer3.dat 2273126 6784 0 0
tazer8.dat 8934792 8519 0 0
tazer8.dat 3076542 8713 0 0
tazer8.dat 562004 7397 0 0
tazer8.dat 4034777 7850 0 0
tazer8.dat 649100 7613 0 0
tazer8.dat 6677393 8500 0 0
tazer3.dat 2279910 8418 0 0
tazer4.dat 2574704 8513 0 0
tazer3.dat 2288328 7255 0 0
tazer8.dat 2536516 8633 0 0
tazer8.dat 3437899 9647 0 0
tazer8.dat 8292013 7219 0 0
tazer4.dat 2238263 9483 0 0
tazer8.dat 2795773 7767 0 0
tazer8.dat 2296660 6839 0 0
tazer8.dat 2289186 7474 0 0
tazer4.dat 913217 7207 0 0
tazer3.dat 2295583 8191 0 0
tazer8.dat 7300162 9391 0 0
tazer8.dat 3819087 8160 0 0
tazer8.dat 9504307 8229 0 0
tazer4.dat 168257 7929 0 0
tazer3.dat 2303774 9580 0 0
tazer8.dat 6879165 9269 0 0
tazer8.dat 2224467 7533 0 0
tazer8.dat 7554396 8731 0 0
tazer4.dat 583281 7397 0 0
tazer3.dat 2313354 8248 0 0
tazer8.dat 114621 8459 0 0
tazer8.dat 252204 9610 0 0
tazer8.dat 8979101 8669 0 0
tazer3.dat 2321602 7617 0 0
tazer4.dat 2648025 8316 0 0
tazer4.dat 757387 8562 0 0
tazer3.dat 2329219 9736 0 0
tazer8.dat 9131994 8944 0 0
tazer8.dat 5563318 8970 0 0
tazer8.dat 6198119 7977 0 0
tazer4.dat 984718 8280 0 0
tazer3.dat 2338955 6873 0 0
tazer8.dat 7686438 7825 0 0
tazer8.dat 9341876 8903 0 0
tazer8.dat 5757066 7856 0 0
tazer3.dat 2345828 7936 0 0
tazer4.dat 2728591 7319 0 0
tazer8.dat 7825636 9085 0 0
tazer8.dat 7139071 8215 0 0
tazer8.dat 9065040 7780 0 0
tazer3.dat 2353764 8302 0 0
tazer4.dat 2957910 6870 0 0
tazer8.dat 6685893 8798 0 0
tazer8.dat 7876680 7971 0 0
tazer8.dat 8339155 9800 0 0
tazer3.dat 2362066 7575 0 0
tazer4.dat 1799267 9258 0 0
tazer8.dat 6095283 7005 0 0
tazer8.dat 1216784 7876 0 0
tazer8.dat 2626452 8409 0 0
tazer8.dat 5138947 7098 0 0
tazer8.dat 4924945 7934 0 0
tazer8.dat 6786324 8991 0 0
tazer3.dat 2369641 6977 0 0
tazer4.dat 1558339 7593 0 0
tazer4.dat 2344536 9117 0 0
tazer3.dat 2376618 7160 0 0
tazer8.dat 3694872 8118 0 0
tazer8.dat 5301669 7758 0 0
tazer8.dat 1248992 7259 0 0
tazer3.dat 2383778 8778 0 0
tazer4.dat 1731211 8436 0 0
tazer8.dat 6871472 7693 0 0
tazer8.dat 7678376 8062 0 0
tazer8.dat 4940846 8447 0 0
tazer3.dat 2392556 7078 0 0
tazer4.dat 1894181 8196 0 0
tazer8.dat 5645060 6822 0 0
tazer8.dat 3750641 8430 0 0
tazer8.dat 9768338 8369 0 0
tazer8.dat 1017497 8584 0 0
tazer8.dat 6313223 8017 0 0
tazer8.dat 5730049 7092 0 0
tazer4.dat 2265543 6786 0 0
tazer3.dat 2399634 8302 0 0
tazer8.dat 245650 6554 0 0
tazer8.dat 1481901 8702 0 0
tazer8.dat 4099423 8641 0 0
tazer3.dat 2407936 8193 0 0
tazer4.dat 438054 8103 0 0
tazer8.dat 7369229 6575 0 0
tazer8.dat 3142943 7955 0 0
tazer8.dat 9150008 9526 0 0
tazer4.dat 1989078 10184 0 0
tazer3.dat 2416129 7548 0 0
tazer3.dat 2423677 7994 0 0
tazer8.dat 898009 7331 0 0
tazer8.dat 577919 7871 0 0
tazer8.dat 7226642 8845 0 0
tazer4.dat 1877430 7500 0 0
tazer4.dat 1494129 7813 0 0
tazer3.dat 2431671 8245 0 0
tazer8.dat 9528405 8873 0 0
tazer8.dat 1690900 7594 0 0
tazer8.dat 759267 6851 0 0
tazer8.dat 187459 9099 0 0
tazer8.dat 3447546 7394 0 0
tazer8.dat 6061663 9496 0 0
tazer3.dat 2439916 9184 0 0
tazer4.dat 2037627 6986 0 0
tazer8.dat 8148 8275 0 0
tazer8.dat 2717343 8520 0 0
tazer8.dat 9808428 8543 0 0
tazer4.dat 97642 7516 0 0
tazer3.dat 2449100 7890 0 0
tazer8.dat 2416723 8177 0 0
tazer8.dat 1808143 7428 0 0
tazer8.dat 614614 8466 0 0
tazer3.dat 2456990 8281 0 0
tazer4.dat 2489121 8893 0 0
tazer4.dat 2752815 8410 0 0
tazer3.dat 2465271 8180 0 0
tazer8.dat 8741592 8300 0 0
tazer8.dat 4186850 8645 0 0
tazer8.dat 98266 7543 0 0
tazer3.dat 2473451 7103 0 0
tazer4.dat 1369212 6760 0 0
tazer8.dat 2854519 9107 0 0
tazer8.dat 3886854 8756 0 0
tazer8.dat 6504719 9016 0 0
tazer8.dat 4639746 9404 0 0
tazer8.dat 261814 8224 0 0
tazer8.dat 8995811 8656 0 0
tazer3.dat 2480554 9075 0 0
tazer4.dat 2761225 7200 0 0
tazer3.dat 2489629 9743 0 0
tazer8.dat 8917028 8096 0 0
tazer8.dat 8657383 8659 0 0
tazer8.dat 5628079 8818 0 0
tazer4.dat 1815869 7297 0 0
tazer4.dat 1846867 7382 0 0
tazer8.dat 8436048 9017 0 0
tazer8.dat 3993871 6681 0 0
tazer8.dat 4518847 8044 0 0
tazer3.dat 2499372 8895 0 0
tazer4.dat 354780 8457 0 0
tazer3.dat 2508267 8161 0 0
tazer8.dat 632237 7918 0 0
tazer8.dat 2519802 7992 0 0
tazer8.dat 163897 7291 0 0
tazer8.dat 4050786 6793 0 0
tazer8.dat 8241012 7915 0 0
tazer8.dat 6904673 8128 0 0
tazer4.dat 1583143 9065 0 0
tazer3.dat 2516428 9051 0 0
tazer4.dat 2906425 6744 0 0
tazer3.dat 2525479 8929 0 0
tazer8.dat 4989321 8516 0 0
tazer8.dat 2732891 7499 0 0
tazer8.dat 696304 7877 0 0
tazer3.dat 2534408 8283 0 0
tazer8.dat 3223814 7628 0 0
tazer8.dat 9423378 8886 0 0
tazer8.dat 7742263 7839 0 0
tazer4.dat 1746863 8110 0 0
tazer8.dat 5332835 8548 0 0
tazer8.dat 7694263 7587 0 0
tazer8.dat 569401 8518 0 0
tazer3.dat 2542691 8925 0 0
tazer4.dat 2540667 8722 0 0
tazer3.dat 2551616 7725 0 0
tazer4.dat 2371489 8770 0 0
tazer8.dat 9680753 8045 0 0
tazer8.dat 5941096 7651 0 0
tazer8.dat 5101552 8629 0 0
tazer4.dat 2872699 8962 0 0
tazer8.dat 3395210 9232 0 0
tazer8.dat 808448 8708 0 0
tazer8.dat 2131350 7254 0 0
tazer3.dat 2559341 7912 0 0
tazer4.dat 1125800 7588 0 0
tazer8.dat 3125988 8312 0 0
tazer8.dat 6920781 7637 0 0
tazer8.dat 6125199 7463 0 0
tazer3.dat 2567253 10218 0 0
tazer3.dat 2577471 6949 0 0
tazer4.dat 2516100 7947 0 0
tazer8.dat 4303189 7406 0 0
tazer8.dat 2643178 9483 0 0
tazer8.dat 4688211 7926 0 0
tazer8.dat 3182839 6821 0 0
tazer8.dat 2811621 8380 0 0
tazer8.dat 8101951 7206 0 0
tazer4.dat 849968 7587 0 0
tazer3.dat 2584420 6731 0 0
tazer4.dat 2362546 8943 0 0
tazer8.dat 6086880 8403 0 0
tazer8.dat 9897574 7923 0 0
tazer8.dat 5124143 7492 0 0
tazer3.dat 2591151 8725 0 0
tazer3.dat 2599876 8187 0 0
tazer4.dat 2387266 10054 0 0
tazer8.dat 9350779 7549 0 0
tazer8.dat 6971775 7572 0 0
tazer8.dat 834071 8406 0 0
tazer3.dat 2608063 8549 0 0
tazer4.dat 2711884 8214 0 0
tazer8.dat 1974300 8314 0 0
tazer8.dat 4074297 9374 0 0
tazer8.dat 8348955 8356 0 0
tazer4.dat 1423584 7509 0 0
tazer3.dat 2616612 6992 0 0
tazer8.dat 8118727 7097 0 0
tazer8.dat 911870 8030 0 0
tazer8.dat 8421382 6972 0 0
tazer4.dat 2404579 8129 0 0
tazer3.dat 2623604 8586 0 0
tazer8.dat 2479644 7383 0 0
tazer8.dat 2618188 8264 0 0
tazer8.dat 2926195 8863 0 0
tazer4.dat 2559443 7950 0 0
tazer8.dat 2917257 8938 0 0
tazer8.dat 5704470 8818 0 0
tazer8.dat 1507330 7402 0 0
tazer3.dat 2632190 8645 0 0
tazer8.dat 4372097 7564 0 0
tazer8.dat 57385 8907 0 0
tazer8.dat 4269411 7746 0 0
tazer4.dat 1838947 7920 0 0
tazer3.dat 2640835 8364 0 0
tazer3.dat 2649199 7456 0 0
tazer4.dat 1200056 6790 0 0
tazer8.dat 6369605 8118 0 0
tazer8.dat 2971250 8398 0 0
tazer8.dat 9672469 8284 0 0
tazer8.dat 7147286 7103 0 0
tazer8.dat 5236622 8823 0 0
tazer8.dat 2431595 7547 0 0
tazer3.dat 2656655 9637 0 0
tazer4.dat 363237 8366 0 0
tazer4.dat 1117881 7919 0 0
tazer8.dat 7088262 7885 0 0
tazer8.dat 2091656 7358 0 0
tazer8.dat 2262609 8534 0 0
tazer3.dat 2666292 8538 0 0
tazer4.dat 2913169 7561 0 0
tazer8.dat 4405290 8295 0 0
tazer8.dat 5872746 7967 0 0
tazer8.dat 4284717 9488 0 0
tazer3.dat 2674830 9323 0 0
tazer3.dat 2684153 7620 0 0
tazer4.dat 2567393 7311 0 0
tazer8.dat 3029231 7286 0 0
tazer8.dat 1657679 7987 0 0
tazer8.dat 5490093 7677 0 0
tazer4.dat 2640986 7039 0 0
tazer3.dat 2691773 8404 0 0
tazer8.dat 6305170 8053 0 0
tazer8.dat 24434 8443 0 0
tazer8.dat 2032624 9784 0 0
tazer8.dat 2988829 8833 0 0
tazer8.dat 9333253 8623 0 0
tazer8.dat 5797071 8613 0 0
tazer3.dat 2700177 9847 0 0
tazer4.dat 2272329 7618 0 0
tazer8.dat 3656171 5994 0 0
tazer8.dat 4494247 7221 0 0
tazer8.dat 8284410 7603 0 0
tazer4.dat 160723 7534 0 0
tazer3.dat 2710024 8654 0 0
tazer4.dat 1322322 6884 0 0
tazer3.dat 2718678 6365 0 0
tazer8.dat 5065399 9401 0 0
tazer8.dat 4260954 8457 0 0
tazer8.dat 3943659 7328 0 0
tazer8.dat 7817359 8277 0 0
tazer8.dat 5528939 10107 0 0
tazer8.dat 537886 8507 0 0
tazer4.dat 799355 8896 0 0
tazer3.dat 2725043 8149 0 0
tazer3.dat 2733192 8474 0 0
tazer4.dat 7863 7503 0 0
tazer8.dat 8258415 8310 0 0
tazer8.dat 3197636 8492 0 0
tazer8.dat 4754231 9067 0 0
tazer8.dat 73910 8479 0 0
tazer8.dat 2279849 9337 0 0
tazer8.dat 952499 6651 0 0
tazer4.dat 314943 8164 0 0
tazer3.dat 2741666 9004 0 0
tazer3.dat 2750670 7774 0 0
tazer8.dat 2471694 7950 0 0
tazer8.dat 7799906 9095 0 0
tazer8.dat 1233582 7824 0 0
tazer4.dat 1785170 7069 0 0
tazer3.dat 2758444 8355 0 0
tazer4.dat 2665298 8795 0 0
tazer8.dat 2890903 7626 0 0
tazer8.dat 817156 8242 0 0
tazer8.dat 7385419 8347 0 0
tazer4.dat 389966 8644 0 0
tazer3.dat 2766799 6361 0 0
tazer8.dat 5511846 8609 0 0
tazer8.dat 6288702 7655 0 0
tazer8.dat 7115358 7427 0 0
tazer8.dat 1931097 8133 0 0
tazer8.dat 3306364 7560 0 0
tazer8.dat 1256251 8490 0 0
tazer4.dat 380883 9083 0 0
tazer3.dat 2773160 7907 0 0
tazer4.dat 329841 8208 0 0
tazer3.dat 2781067 7972 0 0
tazer8.dat 2424900 6695 0 0
tazer8.dat 1982614 7894 0 0
tazer8.dat 6521359 8503 0 0
tazer3.dat 2789039 8100 0 0
tazer4.dat 1133388 8529 0 0
tazer8.dat 967711 9298 0 0
tazer8.dat 3378994 8479 0 0
tazer8.dat 7325856 8933 0 0
tazer8.dat 1957156 7125 0 0
tazer8.dat 7054587 7873 0 0
tazer8.dat 5415540 8738 0 0
tazer4.dat 0 7863 0 0
tazer3.dat 2797139 7962 0 0
tazer8.dat 2161312 9132 0 0
tazer8.dat 8149225 9054 0 0
tazer8.dat 5197128 8038 0 0
tazer3.dat 2805101 9121 0 0
tazer4.dat 2720098 8493 0 0
tazer8.dat 6271185 8941 0 0
tazer8.dat 1939230 10242 0 0
tazer8.dat 6474625 7760 0 0
tazer3.dat 2814222 7963 0 0
tazer4.dat 2327490 7855 0 0
tazer4.dat 268100 8482 0 0
tazer8.dat 3985201 8670 0 0
tazer8.dat 7401161 10504 0 0
tazer8.dat 8960235 9235 0 0
tazer3.dat 2822185 9216 0 0
tazer8.dat 8951437 8798 0 0
tazer8.dat 3572515 7959 0 0
tazer8.dat 3878342 8512 0 0
tazer3.dat 2831401 9349 0 0
tazer4.dat 1084670 8791 0 0
tazer8.dat 9654873 8534 0 0
tazer8.dat 2935058 8481 0 0
tazer8.dat 2313081 8089 0 0
tazer3.dat 2840750 6665 0 0
tazer4.dat 516336 8669 0 0
tazer4.dat 1353304 8235 0 0
tazer8.dat 7436257 8178 0 0
tazer8.dat 6628357 9022 0 0
tazer8.dat 7750102 8058 0 0
tazer3.dat 2847415 8751 0 0
tazer4.dat 573833 9448 0 0
tazer3.dat 2856166 8263 0 0
tazer8.dat 9737879 8148 0 0
tazer8.dat 3933843 9816 0 0
tazer8.dat 4703928 8236 0 0
tazer8.dat 6987777 8228 0 0
tazer8.dat 3662165 7493 0 0
tazer8.dat 2007877 7864 0 0
tazer3.dat 2864429 7463 0 0
tazer4.dat 865302 8456 0 0
tazer4.dat 556745 8861 0 0
tazer3.dat 2871892 8882 0 0
tazer8.dat 7973696 7727 0 0
tazer8.dat 1177301 7051 0 0
tazer8.dat 9825194 8527 0 0
tazer3.dat 2880774 7573 0 0
tazer4.dat 2920730 8508 0 0
tazer8.dat 1915449 7846 0 0
tazer8.dat 8649310 8073 0 0
tazer8.dat 5285529 7980 0 0
tazer8.dat 6513735 7624 0 0
tazer8.dat 9939708 7288 0 0
tazer8.dat 5503014 8832 0 0
tazer3.dat 2888347 8135 0 0
tazer4.dat 1680503 8424 0 0
tazer8.dat 6046081 8450 0 0
tazer8.dat 6702532 7487 0 0
tazer8.dat 8925124 9668 0 0
tazer3.dat 2896482 5943 0 0
tazer4.dat 1049834 8071 0 0
tazer8.dat 6953846 9080 0 0
tazer8.dat 355626 9493 0 0
tazer8.dat 6247148 9059 0 0
tazer3.dat 2902425 7114 0 0
tazer4.dat 2022696 7130 0 0
tazer8.dat 8008122 8904 0 0
tazer8.dat 451815 9237 0 0
tazer8.dat 8201252 7996 0 0
tazer4.dat 2222757 8433 0 0
tazer3.dat 2909539 8451 0 0
tazer8.dat 82389 7575 0 0
tazer8.dat 2361698 8359 0 0
tazer8.dat 4526891 8929 0 0
tazer4.dat 2891344 6337 0 0
tazer3.dat 2917990 8218 0 0
tazer4.dat 1935356 7643 0 0
tazer3.dat 2926208 8481 0 0
tazer8.dat 5163073 8503 0 0
tazer8.dat 7154389 7050 0 0
tazer8.dat 1473288 8613 0 0
tazer4.dat 1688927 9288 0 0
tazer3.dat 2934689 9218 0 0
tazer8.dat 5788558 8513 0 0
tazer8.dat 8067602 8866 0 0
tazer8.dat 2668068 8143 0 0
tazer4.dat 2847045 8197 0 0
tazer3.dat 2943907 6799 0 0
tazer8.dat 1298106 7073 0 0
tazer8.dat 9520694 7711 0 0
tazer8.dat 8969470 9631 0 0
tazer4.dat 1624821 8239 0 0
tazer3.dat 2950706 8528 0 0
tazer8.dat 3280423 7975 0 0
tazer8.dat 6028345 9222 0 0
tazer8.dat 2594862 7638 0 0
tazer4.dat 2199512 7634 0 0
tazer3.dat 2959234 7989 0 0
tazer8.dat 8690534 8303 0 0
tazer8.dat 9589915 8555 0 0
tazer8.dat 9029250 9230 0 0
tazer4.dat 508562 7774 0 0
tazer8.dat 8666042 8646 0 0
tazer8.dat 3158172 7155 0 0
tazer8.dat 3759071 6368 0 0
tazer3.dat 2967223 7513 0 0
tazer3.dat 2974736 8665 0 0
tazer4.dat 698812 10018 0 0
tazer8.dat 4966180 6369 0 0
tazer8.dat 6019920 8425 0 0
tazer8.dat 237839 7811 0 0
tazer3.dat 2983401 8009 0 0
tazer8.dat 890244 7765 0 0
tazer8.dat 2693592 6978 0 0
tazer8.dat 8093464 8487 0 0
tazer4.dat 2435909 8056 0 0
tazer4.dat 128140 8236 0 0
tazer8.dat 2586516 8346 0 0
tazer8.dat 623080 9157 0 0
tazer8.dat 5923972 9736 0 0
tazer3.dat 2991410 7891 0 0
tazer3.dat 2999301 7677 0 0
tazer8.dat 4294205 8984 0 0
tazer8.dat 9721811 7329 0 0
tazer8.dat 9098796 7631 0 0
tazer4.dat 2768425 9133 0 0
tazer4.dat 2443965 5893 0 0
tazer8.dat 9315766 8119 0 0
tazer8.dat 3488184 9582 0 0
tazer8.dat 7899996 7516 0 0
tazer_output.dat 0 8388608 0 0
tazer4.dat 2989218 8187 0 0
tazer8.dat 1881445 9106 0 0
tazer8.dat 6147076 8471 0 0
tazer8.dat 196558 9127 0 0

