tazer6.dat 982912 8329 0 0
tazer4.dat 276582 8300 0 0
tazer3.dat 0 9029 0 0
tazer3.dat 9029 9389 0 0
tazer4.dat 421626 8405 0 0
tazer6.dat 1258403 8678 0 0
tazer3.dat 18418 8121 0 0
tazer6.dat 3652630 7751 0 0
tazer4.dat 1233600 8402 0 0
tazer6.dat 1400354 8114 0 0
tazer4.dat 832831 8198 0 0
tazer3.dat 26539 7701 0 0
tazer3.dat 34240 8565 0 0
tazer6.dat 1677900 8184 0 0
tazer4.dat 2312064 7346 0 0
tazer4.dat 2855242 8133 0 0
tazer6.dat 315089 8738 0 0
tazer3.dat 42805 7232 0 0
tazer4.dat 398610 6954 0 0
tazer6.dat 4899583 7933 0 0
tazer3.dat 50037 8138 0 0
tazer3.dat 58175 8602 0 0
tazer6.dat 2420805 7280 0 0
tazer4.dat 371603 9280 0 0
tazer3.dat 66777 8719 0 0
tazer6.dat 2315829 6594 0 0
tazer4.dat 565606 8227 0 0
tazer4.dat 2498014 9034 0 0
tazer6.dat 752274 7281 0 0
tazer3.dat 75496 8287 0 0
tazer3.dat 83783 7478 0 0
tazer6.dat 4414751 8032 0 0
tazer4.dat 1973263 7661 0 0
tazer6.dat 1686084 8005 0 0
tazer4.dat 1869996 7434 0 0
tazer3.dat 91261 8205 0 0
tazer3.dat 99466 7049 0 0
tazer4.dat 1151649 8638 0 0
tazer6.dat 4055335 8369 0 0
tazer3.dat 106515 7267 0 0
tazer6.dat 1662608 7594 0 0
tazer4.dat 2524047 8001 0 0
tazer6.dat 1620336 7503 0 0
tazer3.dat 113782 7803 0 0
tazer4.dat 2549389 10054 0 0
tazer3.dat 121585 7495 0 0
tazer4.dat 882703 7922 0 0
tazer6.dat 2349747 6388 0 0
tazer4.dat 613492 9192 0 0
tazer6.dat 648746 9592 0 0
tazer3.dat 129080 8700 0 0
tazer4.dat 873758 8945 0 0
tazer6.dat 3065244 9479 0 0
tazer3.dat 137780 9201 0 0
tazer4.dat 1160287 8100 0 0
tazer6.dat 2535592 6832 0 0
tazer3.dat 146981 8779 0 0
tazer3.dat 155760 9480 0 0
tazer4.dat 2295630 8215 0 0
tazer6.dat 4088648 8127 0 0
tazer4.dat 765949 7325 0 0
tazer6.dat 4479381 8728 0 0
tazer3.dat 165240 8480 0 0
tazer3.dat 173720 7289 0 0
tazer6.dat 3814992 8342 0 0
tazer4.dat 89943 7699 0 0
tazer6.dat 4080929 7719 0 0
tazer4.dat 2591318 9441 0 0
tazer3.dat 181009 7400 0 0
tazer4.dat 2481680 7441 0 0
tazer6.dat 3197884 9330 0 0
tazer3.dat 188409 8966 0 0
tazer6.dat 4129592 9012 0 0
tazer3.dat 197375 7554 0 0
tazer4.dat 2231190 7073 0 0
tazer4.dat 2449858 8394 0 0
tazer6.dat 4103925 7820 0 0
tazer3.dat 204929 9011 0 0
tazer6.dat 4453963 8091 0 0
tazer4.dat 1517950 8369 0 0
tazer3.dat 213940 7950 0 0
tazer6.dat 1459719 7598 0 0
tazer4.dat 2981384 7834 0 0
tazer3.dat 221890 7700 0 0
tazer3.dat 229590 9621 0 0
tazer6.dat 4520414 7180 0 0
tazer4.dat 622684 8630 0 0
tazer3.dat 239211 9036 0 0
tazer6.dat 1670202 7698 0 0
tazer4.dat 234282 8365 0 0
tazer4.dat 2147331 7989 0 0
tazer3.dat 248247 8802 0 0
tazer6.dat 3898116 8531 0 0
tazer4.dat 176186 7351 0 0
tazer6.dat 3602836 9015 0 0
tazer3.dat 257049 8902 0 0
tazer6.dat 2850445 8871 0 0
tazer4.dat 2288256 7374 0 0
tazer3.dat 265951 8230 0 0
tazer4.dat 2120857 9103 0 0
tazer3.dat 274181 8847 0 0
tazer6.dat 4952903 7586 0 0
tazer4.dat 1273953 8010 0 0
tazer3.dat 283028 8644 0 0
tazer6.dat 3704654 8716 0 0
tazer4.dat 2609714 7471 0 0
tazer6.dat 818750 8444 0 0
tazer3.dat 291672 8583 0 0
tazer4.dat 905196 8021 0 0
tazer3.dat 300255 8804 0 0
tazer6.dat 2800487 7087 0 0
tazer3.dat 309059 8554 0 0
tazer4.dat 2633810 7176 0 0
tazer6.dat 2873635 8804 0 0
tazer3.dat 317613 7922 0 0
tazer6.dat 1585841 8474 0 0
tazer4.dat 192185 9085 0 0
tazer3.dat 325535 8608 0 0
tazer4.dat 1375972 7435 0 0
tazer6.dat 1833321 8665 0 0
tazer3.dat 334143 9204 0 0
tazer4.dat 2412708 8366 0 0
tazer6.dat 1085054 8025 0 0
tazer4.dat 808251 7871 0 0
tazer6.dat 2143899 9090 0 0
tazer3.dat 343347 7480 0 0
tazer3.dat 350827 10566 0 0
tazer4.dat 153587 7136 0 0
tazer6.dat 4666181 8604 0 0
tazer3.dat 361393 7684 0 0
tazer6.dat 1885007 7962 0 0
tazer4.dat 1281963 8081 0 0
tazer6.dat 0 6615 0 0
tazer4.dat 2007054 8094 0 0
tazer3.dat 369077 7603 0 0
tazer3.dat 376680 7578 0 0
tazer4.dat 307994 6949 0 0
tazer6.dat 3906647 10200 0 0
tazer6.dat 3344422 8501 0 0
tazer4.dat 890625 6727 0 0
tazer3.dat 384258 8310 0 0
tazer6.dat 3106164 9292 0 0
tazer4.dat 1176316 8245 0 0
tazer3.dat 392568 8531 0 0
tazer3.dat 401099 6894 0 0
tazer4.dat 293114 7370 0 0
tazer6.dat 1209498 7453 0 0
tazer6.dat 811522 7228 0 0
tazer3.dat 407993 9695 0 0
tazer4.dat 2532048 8619 0 0
tazer3.dat 417688 8977 0 0
tazer6.dat 3782357 8870 0 0
tazer4.dat 1313771 8551 0 0
tazer4.dat 1534570 7160 0 0
tazer6.dat 734864 8547 0 0
tazer3.dat 426665 8825 0 0
tazer3.dat 435490 8052 0 0
tazer4.dat 2674093 8639 0 0
tazer6.dat 951248 8131 0 0
tazer3.dat 443542 9578 0 0
tazer4.dat 1305058 8713 0 0
tazer6.dat 4368087 7458 0 0
tazer3.dat 453120 8285 0 0
tazer4.dat 453909 7734 0 0
tazer6.dat 513149 8569 0 0
tazer6.dat 2768477 8811 0 0
tazer3.dat 461405 8451 0 0
tazer4.dat 1854249 8709 0 0
tazer3.dat 469856 7546 0 0
tazer4.dat 2428939 6970 0 0
tazer6.dat 73021 9365 0 0
tazer3.dat 477402 6712 0 0
tazer6.dat 3957264 8060 0 0
tazer4.dat 2948589 9321 0 0
tazer3.dat 484114 9208 0 0
tazer4.dat 1266471 7482 0 0
tazer6.dat 3570673 9014 0 0
tazer6.dat 2217497 7474 0 0
tazer4.dat 2473609 8071 0 0
tazer3.dat 493322 7325 0 0
tazer4.dat 541021 8577 0 0
tazer6.dat 4593074 8911 0 0
tazer3.dat 500647 9037 0 0
tazer4.dat 2690505 6086 0 0
tazer6.dat 323827 7653 0 0
tazer3.dat 509684 8911 0 0
tazer6.dat 4560862 7655 0 0
tazer4.dat 1739647 7216 0 0
tazer3.dat 518595 8430 0 0
tazer6.dat 1233013 8817 0 0
tazer4.dat 1592208 7863 0 0
tazer3.dat 527025 9269 0 0
tazer3.dat 536294 7734 0 0
tazer4.dat 284882 8232 0 0
tazer6.dat 1416176 9779 0 0
tazer3.dat 544028 8977 0 0
tazer6.dat 585353 7914 0 0
tazer4.dat 1615871 8950 0 0
tazer6.dat 3257288 8501 0 0
tazer3.dat 553005 8334 0 0
tazer4.dat 2626494 7316 0 0
tazer6.dat 3594888 7948 0 0
tazer3.dat 561339 9605 0 0
tazer4.dat 1754973 7274 0 0
tazer3.dat 570944 8561 0 0
tazer6.dat 1559555 8378 0 0
tazer4.dat 1290044 7027 0 0
tazer6.dat 261171 8143 0 0
tazer3.dat 579505 9418 0 0
tazer4.dat 1550528 7811 0 0
tazer4.dat 2821229 8162 0 0
tazer3.dat 588923 7664 0 0
tazer6.dat 3183369 7493 0 0
tazer3.dat 596587 8943 0 0
tazer6.dat 3562078 8595 0 0
tazer4.dat 1074947 9723 0 0
tazer3.dat 605530 9419 0 0
tazer4.dat 2803517 9978 0 0
tazer6.dat 934627 9372 0 0
tazer3.dat 614949 10155 0 0
tazer4.dat 2112817 8040 0 0
tazer6.dat 2997280 9582 0 0
tazer6.dat 3231098 9402 0 0
tazer3.dat 625104 9245 0 0
tazer4.dat 689541 9271 0 0
tazer4.dat 1446481 8909 0 0
tazer6.dat 3091020 6721 0 0
tazer3.dat 634349 7954 0 0
tazer6.dat 1052930 7898 0 0
tazer4.dat 1329206 6858 0 0
tazer3.dat 642303 8075 0 0
tazer4.dat 1033654 8640 0 0
tazer6.dat 909790 7172 0 0
tazer3.dat 650378 7589 0 0
tazer4.dat 1565932 9507 0 0
tazer3.dat 657967 9564 0 0
tazer6.dat 23174 7195 0 0
tazer6.dat 4542907 8704 0 0
tazer3.dat 667531 7181 0 0
tazer4.dat 532500 8521 0 0
tazer4.dat 405564 6973 0 0
tazer6.dat 1743432 8915 0 0
tazer3.dat 674712 8932 0 0
tazer3.dat 683644 7490 0 0
tazer6.dat 718682 7806 0 0
tazer4.dat 2207146 8362 0 0
tazer6.dat 2478697 8714 0 0
tazer4.dat 1242002 7604 0 0
tazer3.dat 691134 9067 0 0
tazer3.dat 700201 8752 0 0
tazer6.dat 203031 7613 0 0
tazer4.dat 250279 9239 0 0
tazer3.dat 708953 9430 0 0
tazer4.dat 1297071 7987 0 0
tazer6.dat 3830942 7591 0 0
tazer6.dat 1636615 8323 0 0
tazer3.dat 718383 7990 0 0
tazer4.dat 857555 7747 0 0
tazer4.dat 920424 7112 0 0
tazer3.dat 726373 8226 0 0
tazer6.dat 4317529 8298 0 0
tazer6.dat 569346 8157 0 0
tazer4.dat 1093461 8693 0 0
tazer3.dat 734599 9035 0 0
tazer4.dat 1672454 8049 0 0
tazer3.dat 743634 6964 0 0
tazer6.dat 4342522 8299 0 0
tazer4.dat 412537 9089 0 0
tazer3.dat 750598 8385 0 0
tazer6.dat 64135 8886 0 0
tazer6.dat 4229647 7936 0 0
tazer3.dat 758983 8274 0 0
tazer4.dat 2015148 7548 0 0
tazer4.dat 1999262 7792 0 0
tazer3.dat 767257 7600 0 0
tazer6.dat 4968948 7990 0 0
tazer4.dat 773274 8023 0 0
tazer3.dat 774857 8156 0 0
tazer6.dat 2428085 8392 0 0
tazer3.dat 783013 7739 0 0
tazer4.dat 1541730 8798 0 0
tazer6.dat 4907516 6907 0 0
tazer4.dat 430031 8023 0 0
tazer3.dat 790752 8452 0 0
tazer6.dat 3425591 9557 0 0
tazer3.dat 799204 8173 0 0
tazer6.dat 3823334 7608 0 0
tazer4.dat 1884930 9251 0 0
tazer6.dat 2160582 7109 0 0
tazer3.dat 807377 8104 0 0
tazer4.dat 823783 9048 0 0
tazer4.dat 2256647 8896 0 0
tazer6.dat 3394217 8383 0 0
tazer3.dat 815481 7730 0 0
tazer3.dat 823211 8153 0 0
tazer6.dat 4022232 7819 0 0
tazer4.dat 2215508 7249 0 0
tazer4.dat 2881661 9683 0 0
tazer6.dat 792758 7906 0 0
tazer3.dat 831364 7277 0 0
tazer4.dat 953214 7409 0 0
tazer6.dat 1603427 8361 0 0
tazer3.dat 838641 6342 0 0
tazer6.dat 2241958 7988 0 0
tazer3.dat 844983 7090 0 0
tazer4.dat 1344650 8654 0 0
tazer4.dat 2939275 9314 0 0
tazer6.dat 3325078 9861 0 0
tazer3.dat 852073 8008 0 0
tazer4.dat 1141917 9732 0 0
tazer3.dat 860081 7704 0 0
tazer6.dat 3690146 7433 0 0
tazer6.dat 2209061 8436 0 0
tazer3.dat 867785 7730 0 0
tazer4.dat 2458252 6628 0 0
tazer6.dat 99868 6250 0 0
tazer3.dat 875515 6855 0 0
tazer4.dat 2380259 7007 0 0
tazer3.dat 882370 8826 0 0
tazer6.dat 2725844 8954 0 0
tazer4.dat 1633060 8641 0 0
tazer6.dat 2293187 8387 0 0
tazer4.dat 1016938 9014 0 0
tazer3.dat 891196 8285 0 0
tazer4.dat 2777558 7766 0 0
tazer3.dat 899481 7283 0 0
tazer6.dat 4246002 7409 0 0
tazer4.dat 2735910 7598 0 0
tazer3.dat 906764 7593 0 0
tazer6.dat 4206238 7019 0 0
tazer3.dat 914357 8801 0 0
tazer4.dat 2813495 7734 0 0
tazer6.dat 1824540 8781 0 0
tazer6.dat 269314 7933 0 0
tazer3.dat 923158 7517 0 0
tazer4.dat 969036 6750 0 0
tazer6.dat 3667648 8030 0 0
tazer3.dat 930675 7838 0 0
tazer4.dat 640040 8937 0 0
tazer4.dat 1762247 8861 0 0
tazer6.dat 106118 8876 0 0
tazer3.dat 938513 9467 0 0
tazer4.dat 681333 8208 0 0
tazer6.dat 1734183 9249 0 0
tazer3.dat 947980 8107 0 0
tazer4.dat 1830840 8107 0 0
tazer3.dat 956087 8131 0 0
tazer6.dat 4505106 8780 0 0
tazer3.dat 964218 8953 0 0
tazer6.dat 4944912 7991 0 0
tazer4.dat 2139490 7841 0 0
tazer3.dat 973171 9069 0 0
tazer4.dat 1949518 7707 0 0
tazer6.dat 14600 8574 0 0
tazer6.dat 1892969 8323 0 0
tazer3.dat 982240 8714 0 0
tazer4.dat 2155320 8664 0 0
tazer4.dat 2863375 9324 0 0
tazer6.dat 4706870 8496 0 0
tazer3.dat 990954 7820 0 0
tazer6.dat 1150934 8759 0 0
tazer3.dat 998774 7633 0 0
tazer4.dat 2191613 7899 0 0
tazer6.dat 537095 8131 0 0
tazer4.dat 1607351 8520 0 0
tazer3.dat 1006407 9149 0 0
tazer6.dat 2127257 8193 0 0
tazer4.dat 664614 8521 0 0
tazer3.dat 1015556 9236 0 0
tazer3.dat 1024792 8823 0 0
tazer6.dat 3720238 8838 0 0
tazer4.dat 1722323 8888 0 0
tazer3.dat 1033615 9076 0 0
tazer6.dat 1653897 8711 0 0
tazer4.dat 209102 7814 0 0
tazer3.dat 1042691 6993 0 0
tazer6.dat 2614313 8402 0 0
tazer4.dat 936302 7529 0 0
tazer6.dat 2308539 7290 0 0
tazer3.dat 1049684 7729 0 0
tazer4.dat 1649557 7247 0 0
tazer3.dat 1057413 8272 0 0
tazer4.dat 40432 7474 0 0
tazer6.dat 4030051 8476 0 0
tazer6.dat 3125118 8129 0 0
tazer4.dat 1526319 8251 0 0
tazer3.dat 1065685 8017 0 0
tazer3.dat 1073702 7081 0 0
tazer4.dat 345613 9167 0 0
tazer6.dat 1093079 8645 0 0
tazer3.dat 1080783 8631 0 0
tazer6.dat 2717933 7911 0 0
tazer4.dat 475903 7278 0 0
tazer3.dat 1089414 8864 0 0
tazer6.dat 916962 8213 0 0
tazer4.dat 1902377 7595 0 0
tazer3.dat 1098278 7650 0 0
tazer4.dat 1600071 7280 0 0
tazer6.dat 2898934 7256 0 0
tazer4.dat 1400143 7943 0 0
tazer6.dat 2639221 8410 0 0
tazer3.dat 1105928 7605 0 0
tazer3.dat 1113533 8672 0 0
tazer6.dat 4096775 7150 0 0
tazer4.dat 468911 6992 0 0
tazer3.dat 1122205 7496 0 0
tazer4.dat 1942999 6519 0 0
tazer6.dat 4658468 7713 0 0
tazer3.dat 1129701 8795 0 0
tazer4.dat 960623 8413 0 0
tazer6.dat 2487411 8774 0 0
tazer6.dat 389159 10383 0 0
tazer3.dat 1138496 8571 0 0
tazer4.dat 1391507 8636 0 0
tazer4.dat 446157 7752 0 0
tazer6.dat 3097741 8423 0 0
tazer3.dat 1147067 7436 0 0
tazer6.dat 3459071 8133 0 0
tazer4.dat 2174179 8700 0 0
tazer3.dat 1154503 8136 0 0
tazer3.dat 1162639 9255 0 0
tazer6.dat 3006862 8488 0 0
tazer4.dat 2785324 10162 0 0
tazer6.dat 373069 7864 0 0
tazer3.dat 1171894 6983 0 0
tazer4.dat 1771108 6388 0 0
tazer3.dat 1178877 8781 0 0
tazer6.dat 4850717 8461 0 0
tazer4.dat 2743508 9307 0 0
tazer4.dat 2829391 9200 0 0
tazer3.dat 1187658 6885 0 0
tazer6.dat 2340600 9147 0 0
tazer3.dat 1194543 8680 0 0
tazer6.dat 4391369 7865 0 0
tazer4.dat 2129960 9530 0 0
tazer4.dat 2335345 9191 0 0
tazer6.dat 1760084 9333 0 0
tazer3.dat 1203223 9541 0 0
tazer3.dat 1212764 7262 0 0
tazer6.dat 1385092 6174 0 0
tazer4.dat 1214984 10290 0 0
tazer4.dat 2319410 8080 0 0
tazer6.dat 1077674 7380 0 0
tazer3.dat 1220026 8095 0 0
tazer4.dat 975786 8932 0 0
tazer3.dat 1228121 8531 0 0
tazer6.dat 1110491 9694 0 0
tazer3.dat 1236652 7127 0 0
tazer6.dat 4883329 9076 0 0
tazer4.dat 1184561 7571 0 0
tazer6.dat 3265789 8820 0 0
tazer3.dat 1243779 8109 0 0
tazer4.dat 1698215 7923 0 0
tazer3.dat 1251888 8514 0 0
tazer6.dat 4138604 8773 0 0
tazer4.dat 1656804 8392 0 0
tazer3.dat 1260402 8604 0 0
tazer4.dat 1501942 8329 0 0
tazer6.dat 4111745 9130 0 0
tazer4.dat 2929238 10037 0 0
tazer6.dat 4174174 7724 0 0
tazer3.dat 1269006 8166 0 0
tazer3.dat 1277172 8893 0 0
tazer6.dat 4063704 7417 0 0
tazer4.dat 105158 8244 0 0
tazer3.dat 1286065 7786 0 0
tazer4.dat 1408086 8815 0 0
tazer6.dat 2695412 6260 0 0
tazer4.dat 648977 7369 0 0
tazer3.dat 1293851 10627 0 0
tazer6.dat 309346 5743 0 0
tazer6.dat 2964976 7747 0 0
tazer3.dat 1304478 8726 0 0
tazer4.dat 2163984 10195 0 0
tazer4.dat 201270 7832 0 0
tazer6.dat 364949 8120 0 0
tazer3.dat 1313204 8188 0 0
tazer4.dat 1168387 7929 0 0
tazer6.dat 3675678 8090 0 0
tazer3.dat 1321392 8044 0 0
tazer6.dat 2578624 8362 0 0
tazer3.dat 1329436 7507 0 0
tazer4.dat 2997405 7666 0 0
tazer4.dat 2279947 8309 0 0
tazer3.dat 1336943 7872 0 0
tazer6.dat 454701 9833 0 0
tazer4.dat 1715029 7294 0 0
tazer6.dat 1769417 8629 0 0
tazer3.dat 1344815 6687 0 0
tazer6.dat 1996171 7899 0 0
tazer3.dat 1351502 8214 0 0
tazer4.dat 1909972 8566 0 0
tazer3.dat 1359716 8576 0 0
tazer4.dat 1706138 8891 0 0
tazer6.dat 3222850 8248 0 0
tazer4.dat 242647 7632 0 0
tazer3.dat 1368292 8314 0 0
tazer6.dat 1474514 9476 0 0
tazer6.dat 2825380 9022 0 0
tazer4.dat 1361539 7673 0 0
tazer3.dat 1376606 7516 0 0
tazer3.dat 1384122 9339 0 0
tazer6.dat 601544 6611 0 0
tazer4.dat 631314 8726 0 0
tazer3.dat 1393461 8558 0 0
tazer4.dat 136376 8604 0 0
tazer6.dat 925175 9452 0 0
tazer3.dat 1402019 8316 0 0
tazer6.dat 3248765 8523 0 0
tazer4.dat 2795486 8031 0 0
tazer4.dat 323107 6734 0 0
tazer6.dat 4375545 9169 0 0
tazer3.dat 1410335 7452 0 0
tazer4.dat 605508 7984 0 0
tazer3.dat 1417787 8303 0 0
tazer6.dat 1193113 7931 0 0
tazer6.dat 624857 6970 0 0
tazer4.dat 113402 7160 0 0
tazer3.dat 1426090 7842 0 0
tazer4.dat 1439336 7145 0 0
tazer6.dat 186556 8432 0 0
tazer3.dat 1433932 7869 0 0
tazer4.dat 992998 7941 0 0
tazer3.dat 1441801 8005 0 0
tazer6.dat 1502053 8519 0 0
tazer6.dat 2177065 9258 0 0
tazer3.dat 1449806 7457 0 0
tazer4.dat 483181 8506 0 0
tazer6.dat 3871326 9509 0 0
tazer4.dat 841029 8939 0 0
tazer3.dat 1457263 9014 0 0
tazer4.dat 1980924 8154 0 0
tazer3.dat 1466277 8038 0 0
tazer6.dat 1425955 8134 0 0
tazer3.dat 1474315 7529 0 0
tazer4.dat 338049 7564 0 0
tazer6.dat 114994 8668 0 0
tazer3.dat 1481844 8790 0 0
tazer4.dat 715717 8335 0 0
tazer6.dat 2118582 8675 0 0
tazer3.dat 1490634 9730 0 0
tazer4.dat 2029826 7801 0 0
tazer6.dat 4407379 7372 0 0
tazer6.dat 331480 8458 0 0
tazer4.dat 2397320 7259 0 0
tazer3.dat 1500364 8705 0 0
tazer4.dat 943831 9383 0 0
tazer6.dat 2200667 8394 0 0
tazer3.dat 1509069 7424 0 0
tazer3.dat 1516493 8840 0 0
tazer6.dat 528965 8130 0 0
tazer4.dat 1249606 8561 0 0
tazer3.dat 1525333 8453 0 0
tazer6.dat 488696 7960 0 0
tazer4.dat 590678 7458 0 0
tazer4.dat 2094623 10564 0 0
tazer3.dat 1533786 8541 0 0
tazer6.dat 3948217 9047 0 0
tazer6.dat 2701672 8308 0 0
tazer3.dat 1542327 7791 0 0
tazer4.dat 1486512 7617 0 0
tazer3.dat 1550118 8850 0 0
tazer6.dat 2734798 9495 0 0
tazer4.dat 1416901 6683 0 0
tazer3.dat 1558968 9315 0 0
tazer6.dat 4285584 7654 0 0
tazer4.dat 2044613 9190 0 0
tazer6.dat 82386 9674 0 0
tazer3.dat 1568283 8500 0 0
tazer4.dat 2617185 9309 0 0
tazer4.dat 927536 8766 0 0
tazer3.dat 1576783 7751 0 0
tazer6.dat 4445282 8681 0 0
tazer6.dat 1960313 9230 0 0
tazer4.dat 2682732 7773 0 0
tazer3.dat 1584534 9704 0 0
tazer3.dat 1594238 7870 0 0
tazer6.dat 4181898 7987 0 0
tazer4.dat 1510271 7679 0 0
tazer3.dat 1602108 8852 0 0
tazer6.dat 1360648 8550 0 0
tazer4.dat 656346 8268 0 0
tazer4.dat 673135 8198 0 0
tazer3.dat 1610960 7733 0 0
tazer6.dat 1627839 8776 0 0
tazer3.dat 1618693 6296 0 0
tazer6.dat 4610179 7186 0 0
tazer4.dat 1192132 7924 0 0
tazer3.dat 1624989 7615 0 0
tazer6.dat 3996656 8296 0 0
tazer4.dat 1463772 7217 0 0
tazer4.dat 216916 8999 0 0
tazer6.dat 2444101 8391 0 0
tazer3.dat 1632604 8004 0 0
tazer4.dat 2600759 8955 0 0
tazer6.dat 4277693 7891 0 0
tazer3.dat 1640608 7504 0 0
tazer4.dat 2838591 8454 0 0
tazer3.dat 1648112 7592 0 0
tazer6.dat 3939537 8680 0 0
tazer3.dat 1655704 7916 0 0
tazer6.dat 1577338 8503 0 0
tazer4.dat 120562 7578 0 0
tazer6.dat 2322423 10209 0 0
tazer3.dat 1663620 8911 0 0
tazer4.dat 1206846 8138 0 0
tazer4.dat 259518 8582 0 0
tazer6.dat 3534848 10167 0 0
tazer3.dat 1672531 8881 0 0
tazer6.dat 834966 8075 0 0
tazer4.dat 47906 8283 0 0
tazer3.dat 1681412 7990 0 0
tazer3.dat 1689402 8852 0 0
tazer4.dat 144980 8607 0 0
tazer6.dat 4867776 7034 0 0
tazer4.dat 2973521 7863 0 0
tazer3.dat 1698254 8052 0 0
tazer6.dat 4071121 9808 0 0
tazer3.dat 1706306 7729 0 0
tazer4.dat 491687 8403 0 0
tazer6.dat 1175484 8160 0 0
tazer3.dat 1714035 7659 0 0
tazer4.dat 2080210 7253 0 0
tazer6.dat 57164 6971 0 0
tazer3.dat 1721694 8051 0 0
tazer4.dat 1109444 8437 0 0
tazer6.dat 4601985 8194 0 0
tazer3.dat 1729745 9330 0 0
tazer6.dat 4617365 7294 0 0
tazer4.dat 2182879 8734 0 0
tazer6.dat 3443035 8094 0 0
tazer3.dat 1739075 8717 0 0
tazer4.dat 1792239 7028 0 0
tazer4.dat 724052 7423 0 0
tazer6.dat 827194 7772 0 0
tazer3.dat 1747792 9158 0 0
tazer3.dat 1756950 8981 0 0
tazer4.dat 1665196 7258 0 0
tazer6.dat 3660381 7267 0 0
tazer6.dat 3683768 6378 0 0
tazer3.dat 1765931 7639 0 0
tazer4.dat 33001 7431 0 0
tazer3.dat 1773570 8765 0 0
tazer4.dat 1965909 7354 0 0
tazer6.dat 155061 7183 0 0
tazer6.dat 1128062 7707 0 0
tazer4.dat 1057905 8301 0 0
tazer3.dat 1782335 7747 0 0
tazer6.dat 1353225 7423 0 0
tazer3.dat 1790082 8808 0 0
tazer4.dat 816122 7661 0 0
tazer6.dat 413484 8071 0 0
tazer4.dat 1258167 8304 0 0
tazer3.dat 1798890 5982 0 0
tazer3.dat 1804872 8260 0 0
tazer4.dat 2897681 8744 0 0
tazer6.dat 2023512 8385 0 0
tazer6.dat 3545015 7841 0 0
tazer3.dat 1813132 8072 0 0
tazer4.dat 1431093 8243 0 0
tazer3.dat 1821204 7453 0 0
tazer4.dat 708830 6887 0 0
tazer6.dat 3409766 7481 0 0
tazer4.dat 1862958 7038 0 0
tazer6.dat 901621 8169 0 0
tazer3.dat 1828657 8137 0 0
tazer6.dat 4309558 7971 0 0
tazer4.dat 2087463 7160 0 0
tazer3.dat 1836794 7840 0 0
tazer6.dat 3352923 7982 0 0
tazer4.dat 1102154 7290 0 0
tazer3.dat 1844634 7684 0 0
tazer4.dat 2303845 8219 0 0
tazer6.dat 2972723 8285 0 0
tazer3.dat 1852318 7529 0 0
tazer4.dat 1575439 7704 0 0
tazer6.dat 2672145 6604 0 0
tazer3.dat 1859847 7314 0 0
tazer4.dat 2421074 7865 0 0
tazer6.dat 2981008 8644 0 0
tazer3.dat 1867161 9598 0 0
tazer6.dat 4253411 7106 0 0
tazer4.dat 1478844 7668 0 0
tazer3.dat 1876759 8314 0 0
tazer4.dat 2071963 8247 0 0
tazer6.dat 4293238 7969 0 0
tazer3.dat 1885073 8684 0 0
tazer6.dat 2792887 7600 0 0
tazer3.dat 1893757 9590 0 0
tazer4.dat 300484 7510 0 0
tazer6.dat 139820 8111 0 0
tazer3.dat 1903347 8968 0 0
tazer4.dat 500090 8472 0 0
tazer3.dat 1912315 7664 0 0
tazer4.dat 24212 8789 0 0
tazer6.dat 3766150 8010 0 0
tazer6.dat 1369198 8493 0 0
tazer4.dat 2964780 8741 0 0
tazer3.dat 1919979 7681 0 0
tazer3.dat 1927660 8766 0 0
tazer4.dat 897352 7844 0 0
tazer6.dat 991241 9011 0 0
tazer4.dat 2703729 8155 0 0
tazer3.dat 1936426 8709 0 0
tazer6.dat 2038778 7587 0 0
tazer4.dat 1470989 7855 0 0
tazer6.dat 4782776 9297 0 0
tazer3.dat 1945135 8225 0 0
tazer6.dat 2526736 8856 0 0
tazer3.dat 1953360 8102 0 0
tazer4.dat 183537 8648 0 0
tazer3.dat 1961462 8424 0 0
tazer6.dat 4758095 7781 0 0
tazer4.dat 790062 9293 0 0
tazer6.dat 2867092 6543 0 0
tazer3.dat 1969886 7642 0 0
tazer4.dat 461643 7268 0 0
tazer6.dat 785159 7599 0 0
tazer4.dat 56189 8819 0 0
tazer3.dat 1977528 9463 0 0
tazer4.dat 2696591 7138 0 0
tazer3.dat 1986991 7581 0 0
tazer6.dat 2930206 8332 0 0
tazer3.dat 1994572 7592 0 0
tazer4.dat 15366 8846 0 0
tazer6.dat 1143490 7444 0 0
tazer6.dat 2061048 9444 0 0
tazer4.dat 747907 9480 0 0
tazer3.dat 2002164 9305 0 0
tazer3.dat 2011469 7657 0 0
tazer6.dat 2914545 8194 0 0
tazer4.dat 1383407 8100 0 0
tazer6.dat 1315452 7177 0 0
tazer4.dat 2247746 8901 0 0
tazer3.dat 2019126 7683 0 0
tazer4.dat 2105187 7630 0 0
tazer3.dat 2026809 7133 0 0
tazer6.dat 3023360 7404 0 0
tazer3.dat 2033942 7603 0 0
tazer4.dat 1777496 7674 0 0
tazer6.dat 2760671 7806 0 0
tazer4.dat 739248 8659 0 0
tazer6.dat 3083665 7355 0 0
tazer3.dat 2041545 8551 0 0
tazer6.dat 287467 8616 0 0
tazer3.dat 2050096 7118 0 0
tazer4.dat 2353653 8893 0 0
tazer6.dat 3150928 7984 0 0
tazer3.dat 2057214 8830 0 0
tazer4.dat 2583217 8101 0 0
tazer4.dat 1025952 7702 0 0
tazer6.dat 3055863 9381 0 0
tazer3.dat 2066044 7856 0 0
tazer3.dat 2073900 8198 0 0
tazer4.dat 2656341 8957 0 0
tazer6.dat 4462054 8047 0 0
tazer4.dat 1008952 7986 0 0
tazer6.dat 4156632 9174 0 0
tazer3.dat 2082098 9557 0 0
tazer6.dat 2955677 9299 0 0
tazer3.dat 2091655 6012 0 0
tazer4.dat 81383 8560 0 0
tazer4.dat 731475 7773 0 0
tazer3.dat 2097667 7088 0 0
tazer6.dat 1493568 8485 0 0
tazer4.dat 781297 8765 0 0
tazer6.dat 1241830 8040 0 0
tazer3.dat 2104755 6137 0 0
tazer6.dat 1868389 8750 0 0
tazer4.dat 72668 8715 0 0
tazer3.dat 2110892 8020 0 0
tazer4.dat 65008 7660 0 0
tazer6.dat 3586623 8265 0 0
tazer3.dat 2118912 7702 0 0
tazer4.dat 2062564 9399 0 0
tazer6.dat 1644938 8959 0 0
tazer3.dat 2126614 8561 0 0
tazer6.dat 406105 7379 0 0
tazer4.dat 1042294 7540 0 0
tazer3.dat 2135175 7014 0 0
tazer3.dat 2142189 8810 0 0
tazer6.dat 3378074 8005 0 0
tazer4.dat 1957225 8684 0 0
tazer3.dat 2150999 8145 0 0
tazer4.dat 1926287 9069 0 0
tazer6.dat 1987719 8452 0 0
tazer6.dat 4892405 7178 0 0
tazer3.dat 2159144 8667 0 0
tazer4.dat 2507048 9052 0 0
tazer3.dat 2167811 8556 0 0
tazer4.dat 1808525 7344 0 0
tazer6.dat 1778046 6952 0 0
tazer4.dat 1641701 7856 0 0
tazer3.dat 2176367 7337 0 0
tazer6.dat 3774160 8197 0 0
tazer6.dat 235797 9046 0 0
tazer3.dat 2183704 9060 0 0
tazer4.dat 525005 7495 0 0
tazer6.dat 1792089 8589 0 0
tazer3.dat 2192764 7719 0 0
tazer4.dat 1918538 7749 0 0
tazer3.dat 2200483 6710 0 0
tazer4.dat 1336064 8586 0 0
tazer6.dat 4047651 7684 0 0
tazer4.dat 1455390 8382 0 0
tazer3.dat 2207193 7923 0 0
tazer6.dat 3386079 8138 0 0
tazer3.dat 2215116 7414 0 0
tazer4.dat 2053803 8761 0 0
tazer6.dat 1841986 9721 0 0
tazer4.dat 2464880 8729 0 0
tazer6.dat 2817504 7876 0 0
tazer3.dat 2222530 7732 0 0
tazer4.dat 1823166 7674 0 0
tazer6.dat 1377691 7401 0 0
tazer3.dat 2230262 8353 0 0
tazer3.dat 2238615 7723 0 0
tazer4.dat 1225274 8326 0 0
tazer6.dat 545226 8505 0 0
tazer3.dat 2246338 8711 0 0
tazer4.dat 549598 7147 0 0
tazer6.dat 3402600 7166 0 0
tazer3.dat 2255049 8536 0 0
tazer4.dat 598136 7372 0 0
tazer6.dat 3981990 8067 0 0
tazer4.dat 225915 8367 0 0
tazer6.dat 1969543 7856 0 0
tazer3.dat 2263585 9541 0 0
tazer4.dat 1000939 8013 0 0
tazer3.dat 2273126 6784 0 0
tazer6.dat 1297965 9164 0 0
tazer6.dat 4741917 7926 0 0
tazer4.dat 2574704 8513 0 0
tazer3.dat 2279910 8418 0 0
tazer3.dat 2288328 7255 0 0
tazer6.dat 692227 9087 0 0
tazer4.dat 2238263 9483 0 0
tazer6.dat 3215550 7300 0 0
tazer4.dat 913217 7207 0 0
tazer3.dat 2295583 8191 0 0
tazer3.dat 2303774 9580 0 0
tazer4.dat 168257 7929 0 0
tazer6.dat 759555 7422 0 0
tazer6.dat 2167691 9374 0 0
tazer3.dat 2313354 8248 0 0
tazer4.dat 583281 7397 0 0
tazer4.dat 2648025 8316 0 0
tazer6.dat 561219 8127 0 0
tazer3.dat 2321602 7617 0 0
tazer6.dat 2686885 8527 0 0
tazer3.dat 2329219 9736 0 0
tazer4.dat 757387 8562 0 0
tazer3.dat 2338955 6873 0 0
tazer4.dat 984718 8280 0 0
tazer6.dat 131810 8010 0 0
tazer3.dat 2345828 7936 0 0
tazer4.dat 2728591 7319 0 0
tazer6.dat 3494198 8993 0 0
tazer3.dat 2353764 8302 0 0
tazer6.dat 3713370 6868 0 0
tazer4.dat 2957910 6870 0 0
tazer4.dat 1799267 9258 0 0
tazer6.dat 4147377 9255 0 0
tazer3.dat 2362066 7575 0 0
tazer3.dat 2369641 6977 0 0
tazer4.dat 1558339 7593 0 0
tazer6.dat 4641376 7730 0 0
tazer6.dat 4843144 7573 0 0
tazer4.dat 2344536 9117 0 0
tazer3.dat 2376618 7160 0 0
tazer3.dat 2383778 8778 0 0
tazer4.dat 1731211 8436 0 0
tazer6.dat 2834402 7719 0 0
tazer4.dat 1894181 8196 0 0
tazer6.dat 2922739 7467 0 0
tazer3.dat 2392556 7078 0 0
tazer3.dat 2399634 8302 0 0
tazer4.dat 2265543 6786 0 0
tazer6.dat 3417247 8344 0 0
tazer3.dat 2407936 8193 0 0
tazer6.dat 726488 8376 0 0
tazer4.dat 438054 8103 0 0
tazer6.dat 3916847 7360 0 0
tazer3.dat 2416129 7548 0 0
tazer4.dat 1989078 10184 0 0
tazer6.dat 2752903 7768 0 0
tazer3.dat 2423677 7994 0 0
tazer4.dat 1877430 7500 0 0
tazer3.dat 2431671 8245 0 0
tazer4.dat 1494129 7813 0 0
tazer6.dat 380933 8226 0 0
tazer3.dat 2439916 9184 0 0
tazer4.dat 2037627 6986 0 0
tazer6.dat 2382070 9084 0 0
tazer4.dat 97642 7516 0 0
tazer3.dat 2449100 7890 0 0
tazer6.dat 4697829 9041 0 0
tazer4.dat 2489121 8893 0 0
tazer6.dat 1010109 9086 0 0
tazer3.dat 2456990 8281 0 0
tazer6.dat 2399390 6798 0 0
tazer3.dat 2465271 8180 0 0
tazer4.dat 2752815 8410 0 0
tazer6.dat 4120875 8717 0 0
tazer4.dat 1369212 6760 0 0
tazer3.dat 2473451 7103 0 0
tazer6.dat 2152989 7593 0 0
tazer4.dat 2761225 7200 0 0
tazer3.dat 2480554 9075 0 0
tazer3.dat 2489629 9743 0 0
tazer4.dat 1815869 7297 0 0
tazer6.dat 1249870 8533 0 0
tazer6.dat 1951398 8915 0 0
tazer3.dat 2499372 8895 0 0
tazer4.dat 1846867 7382 0 0
tazer3.dat 2508267 8161 0 0
tazer4.dat 354780 8457 0 0
tazer6.dat 4808867 8332 0 0
tazer3.dat 2516428 9051 0 0
tazer4.dat 1583143 9065 0 0
tazer6.dat 2086572 7956 0 0
tazer4.dat 2906425 6744 0 0
tazer3.dat 2525479 8929 0 0
tazer6.dat 4269562 8131 0 0
tazer4.dat 1746863 8110 0 0
tazer3.dat 2534408 8283 0 0
tazer6.dat 3889276 8840 0 0
tazer4.dat 2540667 8722 0 0
tazer6.dat 4765876 8902 0 0
tazer3.dat 2542691 8925 0 0
tazer6.dat 1069905 7769 0 0
tazer3.dat 2551616 7725 0 0
tazer4.dat 2371489 8770 0 0
tazer6.dat 2647631 7830 0 0
tazer4.dat 2872699 8962 0 0
tazer3.dat 2559341 7912 0 0
tazer6.dat 1159693 7819 0 0
tazer3.dat 2567253 10218 0 0
tazer4.dat 1125800 7588 0 0
tazer4.dat 2516100 7947 0 0
tazer6.dat 1201044 8454 0 0
tazer3.dat 2577471 6949 0 0
tazer6.dat 4004952 8745 0 0
tazer3.dat 2584420 6731 0 0
tazer4.dat 849968 7587 0 0
tazer3.dat 2591151 8725 0 0
tazer4.dat 2362546 8943 0 0
tazer6.dat 3799707 8318 0 0
tazer4.dat 2387266 10054 0 0
tazer6.dat 4350821 8033 0 0
tazer3.dat 2599876 8187 0 0
tazer4.dat 2711884 8214 0 0
tazer3.dat 2608063 8549 0 0
tazer6.dat 3451129 7942 0 0
tazer3.dat 2616612 6992 0 0
tazer4.dat 1423584 7509 0 0
tazer6.dat 593267 8277 0 0
tazer3.dat 2623604 8586 0 0
tazer6.dat 4976938 7875 0 0
tazer4.dat 2404579 8129 0 0
tazer3.dat 2632190 8645 0 0
tazer6.dat 2135450 8449 0 0
tazer4.dat 2559443 7950 0 0
tazer6.dat 4384714 6655 0 0
tazer4.dat 1838947 7920 0 0
tazer3.dat 2640835 8364 0 0
tazer3.dat 2649199 7456 0 0
tazer4.dat 1200056 6790 0 0
tazer6.dat 4551611 9251 0 0
tazer6.dat 4358854 9233 0 0
tazer3.dat 2656655 9637 0 0
tazer4.dat 363237 8366 0 0
tazer4.dat 1117881 7919 0 0
tazer6.dat 701314 8511 0 0
tazer3.dat 2666292 8538 0 0
tazer3.dat 2674830 9323 0 0
tazer4.dat 2913169 7561 0 0
tazer6.dat 2110589 7993 0 0
tazer4.dat 2567393 7311 0 0
tazer6.dat 1391266 9088 0 0
tazer3.dat 2684153 7620 0 0
tazer6.dat 1901292 8590 0 0
tazer3.dat 2691773 8404 0 0
tazer4.dat 2640986 7039 0 0
tazer3.dat 2700177 9847 0 0
tazer4.dat 2272329 7618 0 0
tazer6.dat 2094528 7814 0 0
tazer6.dat 2054349 6699 0 0
tazer4.dat 160723 7534 0 0
tazer3.dat 2710024 8654 0 0
tazer4.dat 1322322 6884 0 0
tazer3.dat 2718678 6365 0 0
tazer6.dat 4689592 8237 0 0
tazer3.dat 2725043 8149 0 0
tazer6.dat 3838533 7226 0 0
tazer4.dat 799355 8896 0 0
tazer4.dat 7863 7503 0 0
tazer6.dat 1816279 8261 0 0
tazer3.dat 2733192 8474 0 0
tazer4.dat 314943 8164 0 0
tazer3.dat 2741666 9004 0 0
tazer6.dat 658338 8563 0 0
tazer6.dat 4430730 7649 0 0
tazer4.dat 1785170 7069 0 0
tazer3.dat 2750670 7774 0 0
tazer4.dat 2665298 8795 0 0
tazer3.dat 2758444 8355 0 0
tazer6.dat 1800678 7815 0 0
tazer3.dat 2766799 6361 0 0
tazer6.dat 3477681 8375 0 0
tazer4.dat 389966 8644 0 0
tazer4.dat 380883 9083 0 0
tazer6.dat 296083 7689 0 0
tazer3.dat 2773160 7907 0 0
tazer3.dat 2781067 7972 0 0
tazer6.dat 2016894 6618 0 0
tazer4.dat 329841 8208 0 0
tazer6.dat 1877139 7868 0 0
tazer3.dat 2789039 8100 0 0
tazer4.dat 1133388 8529 0 0
tazer4.dat 0 7863 0 0
tazer6.dat 4221593 8054 0 0
tazer3.dat 2797139 7962 0 0
tazer6.dat 2593297 6476 0 0
tazer4.dat 2720098 8493 0 0
tazer3.dat 2805101 9121 0 0
tazer3.dat 2814222 7963 0 0
tazer6.dat 1935459 7485 0 0
tazer4.dat 2327490 7855 0 0
tazer4.dat 268100 8482 0 0
tazer6.dat 3974494 7496 0 0
tazer3.dat 2822185 9216 0 0
tazer6.dat 4732793 9124 0 0
tazer3.dat 2831401 9349 0 0
tazer4.dat 1084670 8791 0 0
tazer3.dat 2840750 6665 0 0
tazer4.dat 516336 8669 0 0
tazer6.dat 4674785 7059 0 0
tazer3.dat 2847415 8751 0 0
tazer6.dat 1551349 8206 0 0
tazer4.dat 1353304 8235 0 0
tazer6.dat 4774778 7998 0 0
tazer3.dat 2856166 8263 0 0
tazer4.dat 573833 9448 0 0
tazer6.dat 2509779 8377 0 0
tazer4.dat 865302 8456 0 0
tazer3.dat 2864429 7463 0 0
tazer6.dat 4013697 8535 0 0
tazer4.dat 556745 8861 0 0
tazer3.dat 2871892 8882 0 0
tazer3.dat 2880774 7573 0 0
tazer6.dat 2630931 8290 0 0
tazer4.dat 2920730 8508 0 0
tazer6.dat 3629131 7476 0 0
tazer3.dat 2888347 8135 0 0
tazer4.dat 1680503 8424 0 0
tazer3.dat 2896482 5943 0 0
tazer6.dat 3300428 8994 0 0
tazer4.dat 1049834 8071 0 0
tazer3.dat 2902425 7114 0 0
tazer6.dat 4583779 9295 0 0
tazer4.dat 2022696 7130 0 0
tazer6.dat 3015350 8010 0 0
tazer3.dat 2909539 8451 0 0
tazer4.dat 2222757 8433 0 0
tazer3.dat 2917990 8218 0 0
tazer4.dat 2891344 6337 0 0
tazer6.dat 1851707 8868 0 0
tazer6.dat 2372511 9559 0 0
tazer4.dat 1935356 7643 0 0
tazer3.dat 2926208 8481 0 0
tazer4.dat 1688927 9288 0 0
tazer3.dat 2934689 9218 0 0
tazer6.dat 277247 10220 0 0
tazer3.dat 2943907 6799 0 0
tazer4.dat 2847045 8197 0 0
tazer6.dat 1167512 7972 0 0
tazer3.dat 2950706 8528 0 0
tazer6.dat 2412096 8709 0 0
tazer4.dat 1624821 8239 0 0
tazer6.dat 1726407 7776 0 0
tazer4.dat 2199512 7634 0 0
tazer3.dat 2959234 7989 0 0
tazer3.dat 2967223 7513 0 0
tazer6.dat 3334939 9483 0 0
tazer4.dat 508562 7774 0 0
tazer3.dat 2974736 8665 0 0
tazer4.dat 698812 10018 0 0
tazer6.dat 447007 7694 0 0
tazer3.dat 2983401 8009 0 0
tazer6.dat 3511223 7345 0 0
tazer4.dat 2435909 8056 0 0
tazer6.dat 2436477 7624 0 0
tazer3.dat 2991410 7891 0 0
tazer4.dat 128140 8236 0 0
tazer4.dat 2768425 9133 0 0
tazer3.dat 2999301 7677 0 0
tazer6.dat 875474 8584 0 0
tazer_output.dat 0 8388608 0 0
tazer4.dat 2443965 5893 0 0
tazer6.dat 2503918 5861 0 0
tazer6.dat 684558 7669 0 0

tazer4.dat 2989218 8187 0 0
