tazer5.dat 0 8449 0 0
tazer5.dat 8449 9778 0 0
tazer5.dat 18227 7459 0 0
tazer5.dat 25686 8300 0 0
tazer4.dat 276582 8300 0 0
tazer4.dat 421626 8405 0 0
tazer1.dat 0 8745 0 0
tazer10.dat 5100520 6054 0 0
tazer10.dat 3009413 8040 0 0
tazer10.dat 15840631 9303 0 0
tazer10.dat 3103481 8206 0 0
tazer10.dat 15706945 8703 0 0
tazer10.dat 14428205 6220 0 0
tazer10.dat 7952086 9492 0 0
tazer10.dat 5051913 8771 0 0
tazer10.dat 4270999 8335 0 0
tazer10.dat 9748652 8762 0 0
tazer10.dat 8033694 7745 0 0
tazer10.dat 3064004 7600 0 0
tazer10.dat 4159573 8785 0 0
tazer10.dat 7637128 7645 0 0
tazer10.dat 17789786 9243 0 0
tazer10.dat 13519446 9894 0 0
tazer10.dat 12682914 8562 0 0
tazer10.dat 19550201 9793 0 0
tazer10.dat 8991789 8428 0 0
tazer5.dat 33986 9851 0 0
tazer5.dat 43837 8158 0 0
tazer5.dat 51995 9302 0 0
tazer5.dat 61297 9130 0 0
tazer10.dat 3508271 9338 0 0
tazer10.dat 18040998 8614 0 0
tazer10.dat 10769867 8378 0 0
tazer10.dat 2111197 8712 0 0
tazer10.dat 11291089 7399 0 0
tazer10.dat 3380738 8168 0 0
tazer10.dat 14756614 8702 0 0
tazer10.dat 5814129 8697 0 0
tazer10.dat 16172960 8611 0 0
tazer10.dat 13488029 8783 0 0
tazer10.dat 10809796 7391 0 0
tazer10.dat 15410777 7880 0 0
tazer10.dat 19386683 8172 0 0
tazer10.dat 10210137 9028 0 0
tazer10.dat 19992054 7718 0 0
tazer10.dat 18596341 7919 0 0
tazer10.dat 2698473 7303 0 0
tazer10.dat 15643026 9383 0 0
tazer10.dat 2886363 9463 0 0
tazer1.dat 8745 8042 0 0
tazer4.dat 1233600 8402 0 0
tazer4.dat 832831 8198 0 0
tazer4.dat 2312064 7346 0 0
tazer4.dat 2855242 8133 0 0
tazer5.dat 70427 8945 0 0
tazer5.dat 79372 6869 0 0
tazer5.dat 86241 8195 0 0
tazer5.dat 94436 9249 0 0
tazer1.dat 16787 8138 0 0
tazer10.dat 5940422 7036 0 0
tazer10.dat 1223088 7842 0 0
tazer10.dat 5680799 8631 0 0
tazer10.dat 201326 8306 0 0
tazer10.dat 3985083 8047 0 0
tazer10.dat 8591457 10965 0 0
tazer10.dat 6698263 9505 0 0
tazer10.dat 13873773 7101 0 0
tazer10.dat 6288725 7811 0 0
tazer10.dat 14178007 8295 0 0
tazer10.dat 15402796 7981 0 0
tazer10.dat 8557926 8592 0 0
tazer10.dat 4730168 7686 0 0
tazer10.dat 8019164 6320 0 0
tazer10.dat 16105633 7340 0 0
tazer10.dat 1523873 8001 0 0
tazer10.dat 9525784 7657 0 0
tazer10.dat 5506242 8373 0 0
tazer10.dat 2983811 10141 0 0
tazer5.dat 103685 8174 0 0
tazer5.dat 111859 7492 0 0
tazer5.dat 119351 8215 0 0
tazer5.dat 127566 10198 0 0
tazer4.dat 398610 6954 0 0
tazer4.dat 371603 9280 0 0
tazer10.dat 11585996 7904 0 0
tazer10.dat 17604058 7212 0 0
tazer10.dat 10948992 7886 0 0
tazer10.dat 2141928 7869 0 0
tazer10.dat 5656868 7314 0 0
tazer10.dat 4134276 9105 0 0
tazer10.dat 8364942 7883 0 0
tazer10.dat 4587110 7564 0 0
tazer10.dat 15118852 9363 0 0
tazer10.dat 17840650 7822 0 0
tazer10.dat 10462513 9033 0 0
tazer10.dat 298984 7578 0 0
tazer10.dat 6589256 8212 0 0
tazer10.dat 17717267 8144 0 0
tazer10.dat 11328273 9226 0 0
tazer10.dat 19907742 8999 0 0
tazer10.dat 496596 7824 0 0
tazer10.dat 18433 8206 0 0
tazer10.dat 12460141 8195 0 0
tazer1.dat 24925 8203 0 0
tazer5.dat 137764 8132 0 0
tazer5.dat 145896 9122 0 0
tazer5.dat 155018 6924 0 0
tazer5.dat 161942 8086 0 0
tazer4.dat 565606 8227 0 0
tazer4.dat 2498014 9034 0 0
tazer1.dat 33128 6346 0 0
tazer10.dat 17666934 8309 0 0
tazer10.dat 15459705 7308 0 0
tazer10.dat 8975897 8066 0 0
tazer10.dat 12288846 9557 0 0
tazer10.dat 10931890 8656 0 0
tazer10.dat 3558197 8329 0 0
tazer10.dat 3863704 8719 0 0
tazer10.dat 3793540 8034 0 0
tazer10.dat 9508129 8332 0 0
tazer10.dat 11699160 6884 0 0
tazer10.dat 11424173 8083 0 0
tazer10.dat 3192294 9088 0 0
tazer10.dat 15369104 9165 0 0
tazer10.dat 18254066 8072 0 0
tazer10.dat 8540053 9081 0 0
tazer10.dat 799069 9080 0 0
tazer10.dat 1066703 7041 0 0
tazer10.dat 9287884 6723 0 0
tazer10.dat 10841330 7251 0 0
tazer10.dat 8121802 8951 0 0
tazer10.dat 7735743 7617 0 0
tazer10.dat 7668324 9367 0 0
tazer10.dat 4143381 7875 0 0
tazer10.dat 15211839 7707 0 0
tazer10.dat 10856332 6976 0 0
tazer10.dat 14788866 8493 0 0
tazer10.dat 19824697 6990 0 0
tazer10.dat 15318820 8480 0 0
tazer10.dat 13169044 8712 0 0
tazer10.dat 1938417 8357 0 0
tazer10.dat 1725115 7152 0 0
tazer10.dat 4465085 6918 0 0
tazer10.dat 11547623 8396 0 0
tazer10.dat 2479360 8310 0 0
tazer10.dat 10289388 7515 0 0
tazer10.dat 10146119 6749 0 0
tazer10.dat 5483174 6856 0 0
tazer10.dat 16773882 8966 0 0
tazer5.dat 170028 7528 0 0
tazer5.dat 177556 7149 0 0
tazer5.dat 184705 8058 0 0
tazer5.dat 192763 7869 0 0
tazer1.dat 39474 8657 0 0
tazer4.dat 1973263 7661 0 0
tazer4.dat 1869996 7434 0 0
tazer1.dat 48131 9276 0 0
tazer4.dat 1151649 8638 0 0
tazer4.dat 2524047 8001 0 0
tazer5.dat 200632 8889 0 0
tazer5.dat 209521 8270 0 0
tazer5.dat 217791 8150 0 0
tazer5.dat 225941 7989 0 0
tazer10.dat 12101265 6613 0 0
tazer10.dat 18049612 6524 0 0
tazer10.dat 6379255 6932 0 0
tazer10.dat 12797624 7967 0 0
tazer10.dat 15352157 9036 0 0
tazer10.dat 15434021 9138 0 0
tazer10.dat 4620519 8101 0 0
tazer10.dat 14687507 8317 0 0
tazer10.dat 13986922 8102 0 0
tazer10.dat 7012420 7319 0 0
tazer10.dat 5197636 7614 0 0
tazer10.dat 143715 7016 0 0
tazer10.dat 15955021 9948 0 0
tazer10.dat 73781 8185 0 0
tazer10.dat 13072326 8024 0 0
tazer10.dat 9492862 6595 0 0
tazer10.dat 4076652 8135 0 0
tazer10.dat 16650384 7712 0 0
tazer10.dat 40859 8395 0 0
tazer10.dat 14209708 9412 0 0
tazer10.dat 9845337 7474 0 0
tazer10.dat 5855530 9147 0 0
tazer10.dat 16824354 8242 0 0
tazer10.dat 6614913 7678 0 0
tazer10.dat 6572819 7785 0 0
tazer10.dat 584242 6354 0 0
tazer10.dat 12846379 7902 0 0
tazer10.dat 8247135 9185 0 0
tazer10.dat 7528999 8258 0 0
tazer10.dat 5130585 8738 0 0
tazer10.dat 1632278 8986 0 0
tazer10.dat 15025600 8016 0 0
tazer10.dat 11531051 8526 0 0
tazer10.dat 49254 8233 0 0
tazer10.dat 13378726 8090 0 0
tazer10.dat 6346208 6822 0 0
tazer10.dat 16688379 7241 0 0
tazer10.dat 4532410 8092 0 0
tazer1.dat 57407 7517 0 0
tazer5.dat 233930 9080 0 0
tazer5.dat 243010 7956 0 0
tazer5.dat 250966 8554 0 0
tazer5.dat 259520 7196 0 0
tazer4.dat 2549389 10054 0 0
tazer4.dat 882703 7922 0 0
tazer5.dat 266716 7590 0 0
tazer5.dat 274306 7515 0 0
tazer5.dat 281821 7657 0 0
tazer5.dat 289478 8234 0 0
tazer1.dat 64924 6534 0 0
tazer4.dat 613492 9192 0 0
tazer4.dat 873758 8945 0 0
tazer10.dat 9246685 8094 0 0
tazer10.dat 7944361 7725 0 0
tazer10.dat 3928456 7771 0 0
tazer10.dat 11556019 7665 0 0
tazer10.dat 19543076 7125 0 0
tazer10.dat 14064135 6782 0 0
tazer10.dat 1740702 7295 0 0
tazer10.dat 18081464 8525 0 0
tazer10.dat 7115650 8757 0 0
tazer10.dat 16055336 8832 0 0
tazer10.dat 4980317 7276 0 0
tazer10.dat 6393312 7527 0 0
tazer10.dat 5580288 8870 0 0
tazer10.dat 9050828 7662 0 0
tazer10.dat 1920749 9732 0 0
tazer10.dat 13193052 7698 0 0
tazer10.dat 4060826 8301 0 0
tazer10.dat 9557097 8946 0 0
tazer10.dat 15907238 7801 0 0
tazer10.dat 8566518 8339 0 0
tazer10.dat 10021585 8738 0 0
tazer10.dat 8166487 8831 0 0
tazer10.dat 14960170 8223 0 0
tazer10.dat 2227482 8652 0 0
tazer10.dat 17349323 8271 0 0
tazer10.dat 6216625 8504 0 0
tazer10.dat 16328986 9223 0 0
tazer10.dat 406768 8412 0 0
tazer10.dat 12951299 8456 0 0
tazer10.dat 5336310 8845 0 0
tazer10.dat 12756363 8583 0 0
tazer10.dat 5991822 6806 0 0
tazer10.dat 19274846 7544 0 0
tazer10.dat 8787667 6917 0 0
tazer10.dat 17683990 7796 0 0
tazer10.dat 18033652 7346 0 0
tazer10.dat 12092473 8792 0 0
tazer10.dat 6652910 8652 0 0
tazer4.dat 1160287 8100 0 0
tazer4.dat 2295630 8215 0 0
tazer1.dat 71458 9450 0 0
tazer5.dat 297712 8421 0 0
tazer5.dat 306133 7934 0 0
tazer5.dat 314067 8229 0 0
tazer5.dat 322296 6783 0 0
tazer1.dat 80908 7394 0 0
tazer5.dat 329079 7469 0 0
tazer5.dat 336548 7893 0 0
tazer5.dat 344441 5836 0 0
tazer5.dat 350277 8907 0 0
tazer4.dat 765949 7325 0 0
tazer4.dat 89943 7699 0 0
tazer10.dat 10375699 8082 0 0
tazer10.dat 6361694 9564 0 0
tazer10.dat 13685621 7699 0 0
tazer10.dat 11275001 8365 0 0
tazer10.dat 1388834 8044 0 0
tazer10.dat 209632 8463 0 0
tazer10.dat 11762087 8059 0 0
tazer10.dat 13015419 8162 0 0
tazer10.dat 19402961 8444 0 0
tazer10.dat 11158077 10176 0 0
tazer10.dat 18196269 8832 0 0
tazer10.dat 10236735 8742 0 0
tazer10.dat 575758 8484 0 0
tazer10.dat 2081587 7822 0 0
tazer10.dat 13624206 8204 0 0
tazer10.dat 11933101 8254 0 0
tazer10.dat 9904816 8684 0 0
tazer10.dat 13162016 7028 0 0
tazer10.dat 6986702 8291 0 0
tazer5.dat 359184 7334 0 0
tazer5.dat 366518 9598 0 0
tazer5.dat 376116 7575 0 0
tazer5.dat 383691 8603 0 0
tazer4.dat 2591318 9441 0 0
tazer4.dat 2481680 7441 0 0
tazer1.dat 88302 8502 0 0
tazer10.dat 11210435 8364 0 0
tazer10.dat 8794584 8183 0 0
tazer10.dat 5538638 8690 0 0
tazer10.dat 17492401 8911 0 0
tazer10.dat 882618 8755 0 0
tazer10.dat 4914527 7982 0 0
tazer10.dat 9574487 8507 0 0
tazer10.dat 13588638 9954 0 0
tazer10.dat 9625426 9083 0 0
tazer10.dat 17725411 7925 0 0
tazer10.dat 14363047 9243 0 0
tazer10.dat 11439755 8918 0 0
tazer10.dat 7935899 8462 0 0
tazer10.dat 5924248 7922 0 0
tazer10.dat 5444290 7647 0 0
tazer10.dat 3176068 8052 0 0
tazer10.dat 4037029 8913 0 0
tazer10.dat 5915378 8870 0 0
tazer10.dat 19185401 7862 0 0
tazer1.dat 96804 7887 0 0
tazer10.dat 15980526 9205 0 0
tazer10.dat 9263402 8612 0 0
tazer10.dat 12358499 8044 0 0
tazer10.dat 1497670 9519 0 0
tazer10.dat 8524605 7405 0 0
tazer10.dat 17381904 8483 0 0
tazer10.dat 15253272 7145 0 0
tazer10.dat 15268615 8669 0 0
tazer10.dat 3460851 8833 0 0
tazer10.dat 14663284 8013 0 0
tazer10.dat 2913975 7328 0 0
tazer10.dat 12992350 7905 0 0
tazer10.dat 108559 8039 0 0
tazer10.dat 2822211 7507 0 0
tazer10.dat 4540502 7589 0 0
tazer10.dat 718284 9447 0 0
tazer10.dat 7595261 7641 0 0
tazer10.dat 8096649 8222 0 0
tazer10.dat 13945375 8464 0 0
tazer5.dat 392294 7378 0 0
tazer5.dat 399672 7917 0 0
tazer5.dat 407589 8849 0 0
tazer5.dat 416438 8245 0 0
tazer4.dat 2231190 7073 0 0
tazer4.dat 2449858 8394 0 0
tazer10.dat 8217207 6563 0 0
tazer10.dat 8676712 8656 0 0
tazer10.dat 16524155 8976 0 0
tazer10.dat 2278445 8102 0 0
tazer10.dat 16369676 8180 0 0
tazer10.dat 15451392 8313 0 0
tazer10.dat 19176688 8713 0 0
tazer10.dat 8728194 8124 0 0
tazer10.dat 16766431 7451 0 0
tazer10.dat 18293706 8173 0 0
tazer10.dat 19682379 6078 0 0
tazer10.dat 11069325 7585 0 0
tazer10.dat 11076910 7805 0 0
tazer10.dat 808149 9218 0 0
tazer10.dat 19756844 8884 0 0
tazer10.dat 6730386 6655 0 0
tazer10.dat 7758526 8142 0 0
tazer10.dat 18905707 7330 0 0
tazer10.dat 11853439 8413 0 0
tazer4.dat 1517950 8369 0 0
tazer4.dat 2981384 7834 0 0
tazer5.dat 424683 7156 0 0
tazer5.dat 431839 7356 0 0
tazer5.dat 439195 8419 0 0
tazer5.dat 447614 7956 0 0
tazer1.dat 104691 7646 0 0
tazer5.dat 455570 8235 0 0
tazer5.dat 463805 8117 0 0
tazer5.dat 471922 8759 0 0
tazer5.dat 480681 8465 0 0
tazer1.dat 112337 9181 0 0
tazer10.dat 9896174 8642 0 0
tazer10.dat 7839389 9011 0 0
tazer10.dat 17651002 9218 0 0
tazer10.dat 11959033 8921 0 0
tazer10.dat 13445039 8046 0 0
tazer10.dat 1472739 7418 0 0
tazer10.dat 10416288 7574 0 0
tazer10.dat 6946658 6859 0 0
tazer10.dat 5606016 8843 0 0
tazer10.dat 4027661 9368 0 0
tazer10.dat 17563220 8999 0 0
tazer10.dat 7978453 7961 0 0
tazer10.dat 7432688 8185 0 0
tazer10.dat 11818827 9532 0 0
tazer10.dat 5428182 7928 0 0
tazer10.dat 5474650 8524 0 0
tazer10.dat 10480226 8934 0 0
tazer10.dat 19592313 9413 0 0
tazer10.dat 15946829 8192 0 0
tazer4.dat 622684 8630 0 0
tazer4.dat 234282 8365 0 0
tazer10.dat 17675243 8747 0 0
tazer10.dat 9921401 7903 0 0
tazer10.dat 12271213 8448 0 0
tazer10.dat 15104296 7872 0 0
tazer10.dat 13319930 8569 0 0
tazer10.dat 16914704 7836 0 0
tazer10.dat 13235453 7320 0 0
tazer10.dat 18026842 6810 0 0
tazer10.dat 9066683 9483 0 0
tazer10.dat 11522760 8291 0 0
tazer10.dat 4507969 8766 0 0
tazer10.dat 10897648 8590 0 0
tazer10.dat 5005599 7159 0 0
tazer10.dat 5775524 7098 0 0
tazer10.dat 12340794 8309 0 0
tazer10.dat 2294229 7386 0 0
tazer10.dat 13670945 7417 0 0
tazer10.dat 17518439 8091 0 0
tazer10.dat 538676 7450 0 0
tazer4.dat 2147331 7989 0 0
tazer4.dat 176186 7351 0 0
tazer1.dat 121518 8318 0 0
tazer5.dat 489146 8870 0 0
tazer5.dat 498016 8420 0 0
tazer5.dat 506436 8690 0 0
tazer5.dat 515126 9343 0 0
tazer5.dat 524469 8967 0 0
tazer5.dat 533436 6179 0 0
tazer5.dat 539615 7883 0 0
tazer5.dat 547498 8900 0 0
tazer1.dat 129836 7896 0 0
tazer4.dat 2288256 7374 0 0
tazer4.dat 2120857 9103 0 0
tazer10.dat 4499611 8358 0 0
tazer10.dat 639063 7964 0 0
tazer10.dat 18262138 8737 0 0
tazer10.dat 6416816 6070 0 0
tazer10.dat 12382328 7213 0 0
tazer10.dat 4310194 7020 0 0
tazer10.dat 18495640 9017 0 0
tazer10.dat 13978229 8693 0 0
tazer10.dat 13913878 8632 0 0
tazer10.dat 19674503 7876 0 0
tazer10.dat 19028851 7329 0 0
tazer10.dat 4424904 8687 0 0
tazer10.dat 17964771 8439 0 0
tazer10.dat 2542291 8073 0 0
tazer10.dat 19379357 7326 0 0
tazer10.dat 9138120 8243 0 0
tazer10.dat 7409100 6519 0 0
tazer10.dat 15310193 8627 0 0
tazer10.dat 654505 8535 0 0
tazer5.dat 556398 9131 0 0
tazer5.dat 565529 9525 0 0
tazer5.dat 575054 8246 0 0
tazer5.dat 583300 8623 0 0
tazer1.dat 137732 7467 0 0
tazer10.dat 19411405 7096 0 0
tazer10.dat 1707730 8583 0 0
tazer10.dat 3599425 9198 0 0
tazer10.dat 14303109 8099 0 0
tazer10.dat 330871 8878 0 0
tazer10.dat 16719567 7570 0 0
tazer10.dat 7726061 9682 0 0
tazer10.dat 568654 7104 0 0
tazer10.dat 3316380 8121 0 0
tazer10.dat 16313125 7858 0 0
tazer10.dat 13654142 8073 0 0
tazer10.dat 5385206 7871 0 0
tazer10.dat 8223770 7771 0 0
tazer10.dat 2783762 8046 0 0
tazer10.dat 7711411 8408 0 0
tazer10.dat 13632410 7644 0 0
tazer10.dat 12366543 7914 0 0
tazer10.dat 244617 7968 0 0
tazer10.dat 7035358 7977 0 0
tazer4.dat 1273953 8010 0 0
tazer4.dat 2609714 7471 0 0
tazer10.dat 2632221 8576 0 0
tazer10.dat 5555306 7459 0 0
tazer10.dat 8842132 7366 0 0
tazer10.dat 11406598 9324 0 0
tazer10.dat 18897125 8582 0 0
tazer10.dat 15244687 8585 0 0
tazer10.dat 8281572 6220 0 0
tazer10.dat 11372988 8329 0 0
tazer10.dat 9700723 8160 0 0
tazer10.dat 13889872 9232 0 0
tazer10.dat 10161129 8231 0 0
tazer10.dat 13056743 7595 0 0
tazer10.dat 6133448 7678 0 0
tazer10.dat 5376880 8326 0 0
tazer10.dat 284403 6448 0 0
tazer10.dat 1396878 8453 0 0
tazer10.dat 9601405 8128 0 0
tazer10.dat 11482811 6723 0 0
tazer10.dat 15277284 8273 0 0
tazer5.dat 591923 7769 0 0
tazer5.dat 599692 7672 0 0
tazer5.dat 607364 7613 0 0
tazer5.dat 614977 7701 0 0
tazer1.dat 145199 9153 0 0
tazer4.dat 905196 8021 0 0
tazer4.dat 2633810 7176 0 0
tazer5.dat 622678 7403 0 0
tazer5.dat 630081 8163 0 0
tazer5.dat 638244 8158 0 0
tazer5.dat 646402 8402 0 0
tazer1.dat 154352 8054 0 0
tazer4.dat 192185 9085 0 0
tazer4.dat 1375972 7435 0 0
tazer10.dat 5345155 8245 0 0
tazer10.dat 2392682 8386 0 0
tazer10.dat 18836407 8167 0 0
tazer10.dat 14984732 8380 0 0
tazer10.dat 7449350 6750 0 0
tazer10.dat 19345660 9380 0 0
tazer10.dat 14295906 7203 0 0
tazer10.dat 13120581 8513 0 0
tazer10.dat 4628620 8472 0 0
tazer10.dat 13048911 7832 0 0
tazer10.dat 8406548 7794 0 0
tazer10.dat 14261978 9127 0 0
tazer10.dat 6029209 6945 0 0
tazer10.dat 10561893 7473 0 0
tazer10.dat 6906010 9185 0 0
tazer10.dat 3818475 8059 0 0
tazer10.dat 2501265 8488 0 0
tazer10.dat 4069127 7525 0 0
tazer10.dat 3696748 7751 0 0
tazer1.dat 162406 7590 0 0
tazer5.dat 654804 9048 0 0
tazer5.dat 663852 8134 0 0
tazer5.dat 671986 9129 0 0
tazer5.dat 681115 7467 0 0
tazer4.dat 2412708 8366 0 0
tazer4.dat 808251 7871 0 0
tazer10.dat 18746966 7964 0 0
tazer10.dat 7188169 8509 0 0
tazer10.dat 11354719 8643 0 0
tazer10.dat 1412900 7433 0 0
tazer10.dat 6013953 7177 0 0
tazer10.dat 1238449 7150 0 0
tazer10.dat 259720 7830 0 0
tazer10.dat 12031229 8123 0 0
tazer10.dat 19297176 8368 0 0
tazer10.dat 19109548 8144 0 0
tazer10.dat 16727137 8685 0 0
tazer10.dat 2525459 9226 0 0
tazer10.dat 12943234 8065 0 0
tazer10.dat 4679766 7733 0 0
tazer10.dat 4324529 7629 0 0
tazer10.dat 522512 7454 0 0
tazer10.dat 17854859 9093 0 0
tazer10.dat 8549134 8792 0 0
tazer10.dat 7156147 9048 0 0
tazer4.dat 153587 7136 0 0
tazer4.dat 1281963 8081 0 0
tazer1.dat 169996 8972 0 0
tazer5.dat 688582 9401 0 0
tazer5.dat 697983 8482 0 0
tazer5.dat 706465 8473 0 0
tazer5.dat 714938 8042 0 0
tazer10.dat 4850844 7884 0 0
tazer10.dat 1040431 8508 0 0
tazer10.dat 10680123 8376 0 0
tazer10.dat 2455178 8427 0 0
tazer10.dat 16475683 8397 0 0
tazer10.dat 12404165 7044 0 0
tazer10.dat 16643120 7264 0 0
tazer10.dat 4375521 8534 0 0
tazer10.dat 19150192 7723 0 0
tazer10.dat 11005551 7500 0 0
tazer10.dat 18099697 8952 0 0
tazer10.dat 8492800 7155 0 0
tazer10.dat 2945432 7970 0 0
tazer10.dat 9650685 9794 0 0
tazer10.dat 15577675 8484 0 0
tazer10.dat 4211588 8342 0 0
tazer10.dat 12131214 8847 0 0
tazer10.dat 6669255 10289 0 0
tazer10.dat 10030323 6950 0 0
tazer5.dat 722980 7755 0 0
tazer5.dat 730735 9425 0 0
tazer5.dat 740160 6846 0 0
tazer5.dat 747006 7433 0 0
tazer10.dat 16462093 5885 0 0
tazer10.dat 15898497 8741 0 0
tazer10.dat 17072365 8500 0 0
tazer10.dat 13815063 9002 0 0
tazer10.dat 6250927 8209 0 0
tazer10.dat 18636284 8543 0 0
tazer10.dat 9547656 9441 0 0
tazer10.dat 3608623 8060 0 0
tazer10.dat 2606496 7681 0 0
tazer10.dat 19609394 7872 0 0
tazer10.dat 11168253 7454 0 0
tazer10.dat 15938148 8681 0 0
tazer10.dat 1256311 9250 0 0
tazer10.dat 11924923 8178 0 0
tazer10.dat 8372825 7882 0 0
tazer10.dat 11836421 9000 0 0
tazer10.dat 11266578 8423 0 0
tazer10.dat 11676153 8537 0 0
tazer10.dat 16320983 8003 0 0
tazer4.dat 2007054 8094 0 0
tazer4.dat 307994 6949 0 0
tazer1.dat 178968 7795 0 0
tazer10.dat 3270010 6642 0 0
tazer10.dat 16951564 7821 0 0
tazer10.dat 17289746 8523 0 0
tazer10.dat 9878503 8989 0 0
tazer10.dat 9356870 9457 0 0
tazer10.dat 1823198 8358 0 0
tazer10.dat 8349543 7811 0 0
tazer10.dat 1207687 7808 0 0
tazer10.dat 3632323 8095 0 0
tazer10.dat 19101751 7797 0 0
tazer10.dat 218095 8976 0 0
tazer10.dat 7196678 8693 0 0
tazer10.dat 4745880 7150 0 0
tazer10.dat 11786438 7126 0 0
tazer10.dat 14833175 8655 0 0
tazer10.dat 10603018 8101 0 0
tazer10.dat 9913500 7901 0 0
tazer10.dat 10915221 8500 0 0
tazer10.dat 13226529 8924 0 0
tazer5.dat 754439 7973 0 0
tazer5.dat 762412 8224 0 0
tazer5.dat 770636 9021 0 0
tazer5.dat 779657 7790 0 0
tazer1.dat 186763 6675 0 0
tazer4.dat 890625 6727 0 0
tazer4.dat 1176316 8245 0 0
tazer5.dat 787447 8894 0 0
tazer5.dat 796341 7281 0 0
tazer5.dat 803622 7851 0 0
tazer5.dat 811473 7652 0 0
tazer4.dat 293114 7370 0 0
tazer4.dat 2532048 8619 0 0
tazer1.dat 193438 9058 0 0
tazer10.dat 9221110 8554 0 0
tazer10.dat 4202368 9220 0 0
tazer10.dat 12651396 7011 0 0
tazer10.dat 9660479 8338 0 0
tazer10.dat 2211673 8213 0 0
tazer10.dat 16346030 8595 0 0
tazer10.dat 9114404 8588 0 0
tazer10.dat 14236710 9168 0 0
tazer10.dat 12323361 8409 0 0
tazer10.dat 6679544 9609 0 0
tazer10.dat 14614514 8056 0 0
tazer10.dat 15154554 8017 0 0
tazer10.dat 6321225 7550 0 0
tazer10.dat 9272014 7881 0 0
tazer10.dat 19934638 7813 0 0
tazer10.dat 16808867 8251 0 0
tazer10.dat 5205250 8876 0 0
tazer10.dat 17229189 7617 0 0
tazer10.dat 4825638 7564 0 0
tazer4.dat 1313771 8551 0 0
tazer4.dat 1534570 7160 0 0
tazer10.dat 16857709 9736 0 0
tazer10.dat 2740557 8586 0 0
tazer10.dat 14254993 6985 0 0
tazer10.dat 18739036 7930 0 0
tazer10.dat 19942451 8972 0 0
tazer10.dat 11734888 9428 0 0
tazer10.dat 3688290 8458 0 0
tazer10.dat 9593139 8266 0 0
tazer10.dat 6842043 8584 0 0
tazer10.dat 16279659 9108 0 0
tazer10.dat 13748407 8077 0 0
tazer10.dat 12700011 9477 0 0
tazer10.dat 11060764 8561 0 0
tazer10.dat 15690881 7501 0 0
tazer10.dat 5410445 9049 0 0
tazer10.dat 7336864 7232 0 0
tazer10.dat 10714083 7397 0 0
tazer10.dat 1657601 8459 0 0
tazer10.dat 13428267 7778 0 0
tazer5.dat 819125 7932 0 0
tazer5.dat 827057 7874 0 0
tazer5.dat 834931 8706 0 0
tazer5.dat 843637 8284 0 0
tazer1.dat 202496 8380 0 0
tazer1.dat 210876 7968 0 0
tazer4.dat 2674093 8639 0 0
tazer4.dat 1305058 8713 0 0
tazer5.dat 851921 6892 0 0
tazer5.dat 858813 8935 0 0
tazer5.dat 867748 8460 0 0
tazer5.dat 876208 8153 0 0
tazer10.dat 1379672 9162 0 0
tazer10.dat 18546752 7875 0 0
tazer10.dat 9171804 6650 0 0
tazer10.dat 15602921 8039 0 0
tazer10.dat 17956462 8309 0 0
tazer10.dat 8874968 8207 0 0
tazer10.dat 10228001 8734 0 0
tazer10.dat 8080906 8140 0 0
tazer10.dat 3057023 6981 0 0
tazer10.dat 415180 9895 0 0
tazer10.dat 9499457 8672 0 0
tazer10.dat 4644287 9548 0 0
tazer10.dat 8924266 9812 0 0
tazer10.dat 4671318 8448 0 0
tazer10.dat 19289094 8082 0 0
tazer10.dat 8574857 8640 0 0
tazer10.dat 1946774 7909 0 0
tazer10.dat 10409415 6873 0 0
tazer10.dat 3517609 7884 0 0
tazer10.dat 6924071 8876 0 0
tazer10.dat 12611113 8702 0 0
tazer10.dat 425075 7452 0 0
tazer10.dat 474533 7531 0 0
tazer10.dat 1613870 9063 0 0
tazer10.dat 2341718 8918 0 0
tazer10.dat 5264078 8467 0 0
tazer10.dat 8950333 9544 0 0
tazer10.dat 8967801 8096 0 0
tazer10.dat 4177440 8679 0 0
tazer10.dat 18222811 9230 0 0
tazer10.dat 15501422 7807 0 0
tazer10.dat 14904669 7163 0 0
tazer10.dat 4548091 8627 0 0
tazer10.dat 7352195 7630 0 0
tazer10.dat 17090477 7916 0 0
tazer10.dat 930701 8699 0 0
tazer10.dat 10973546 8754 0 0
tazer10.dat 12585326 7852 0 0
tazer4.dat 453909 7734 0 0
tazer4.dat 1854249 8709 0 0
tazer5.dat 884361 8867 0 0
tazer5.dat 893228 7503 0 0
tazer5.dat 900731 7960 0 0
tazer5.dat 908691 7248 0 0
tazer1.dat 218844 7393 0 0
tazer10.dat 6200195 6611 0 0
tazer10.dat 13598592 8246 0 0
tazer10.dat 5640944 8847 0 0
tazer10.dat 19951423 7675 0 0
tazer10.dat 781113 9486 0 0
tazer10.dat 14953078 7092 0 0
tazer10.dat 18232041 6497 0 0
tazer10.dat 9811574 8857 0 0
tazer10.dat 3452115 8736 0 0
tazer10.dat 4317214 7315 0 0
tazer10.dat 12437936 8077 0 0
tazer10.dat 14033608 7816 0 0
tazer10.dat 7382612 8690 0 0
tazer10.dat 16198991 7498 0 0
tazer10.dat 2252514 8293 0 0
tazer10.dat 7880505 7808 0 0
tazer10.dat 2001523 7646 0 0
tazer10.dat 15782198 9740 0 0
tazer10.dat 3501196 7075 0 0
tazer4.dat 2428939 6970 0 0
tazer4.dat 2948589 9321 0 0
tazer1.dat 226237 7127 0 0
tazer5.dat 915939 7804 0 0
tazer5.dat 923743 8435 0 0
tazer5.dat 932178 7754 0 0
tazer5.dat 939932 6958 0 0
tazer5.dat 946890 6992 0 0
tazer5.dat 953882 6149 0 0
tazer5.dat 960031 7226 0 0
tazer5.dat 967257 8653 0 0
tazer4.dat 1266471 7482 0 0
tazer4.dat 2473609 8071 0 0
tazer10.dat 18869580 8677 0 0
tazer10.dat 11706044 6964 0 0
tazer10.dat 12772503 8635 0 0
tazer10.dat 2333947 7771 0 0
tazer10.dat 18343003 8843 0 0
tazer10.dat 14406521 7777 0 0
tazer10.dat 5614859 7239 0 0
tazer10.dat 15443159 8233 0 0
tazer10.dat 5288280 9063 0 0
tazer10.dat 3656487 8294 0 0
tazer10.dat 9929304 7808 0 0
tazer10.dat 17332352 9238 0 0
tazer10.dat 13953839 8158 0 0
tazer10.dat 15065725 7595 0 0
tazer10.dat 5830972 8611 0 0
tazer10.dat 19485548 9439 0 0
tazer10.dat 12577637 7689 0 0
tazer10.dat 13563953 8486 0 0
tazer10.dat 14733440 7847 0 0
tazer1.dat 233364 7664 0 0
tazer1.dat 241028 6789 0 0
tazer4.dat 541021 8577 0 0
tazer4.dat 2690505 6086 0 0
tazer5.dat 975910 7637 0 0
tazer5.dat 983547 9016 0 0
tazer5.dat 992563 7046 0 0
tazer5.dat 999609 7592 0 0
tazer10.dat 6737041 8245 0 0
tazer10.dat 16446579 7990 0 0
tazer10.dat 7577274 9230 0 0
tazer10.dat 14943428 9650 0 0
tazer10.dat 2565273 7612 0 0
tazer10.dat 12709488 6299 0 0
tazer10.dat 16936666 8140 0 0
tazer10.dat 19314409 9930 0 0
tazer10.dat 15931109 7039 0 0
tazer10.dat 12814349 8125 0 0
tazer10.dat 4301922 8272 0 0
tazer10.dat 1215495 7593 0 0
tazer10.dat 7027564 7794 0 0
tazer10.dat 1331474 7378 0 0
tazer10.dat 4219930 7951 0 0
tazer10.dat 8609562 8073 0 0
tazer10.dat 3809925 8550 0 0
tazer10.dat 2025852 8078 0 0
tazer10.dat 7148167 7980 0 0
tazer5.dat 1007201 8457 0 0
tazer5.dat 1015658 8574 0 0
tazer5.dat 1024232 8115 0 0
tazer5.dat 1032347 8352 0 0
tazer1.dat 247817 8773 0 0
tazer4.dat 1739647 7216 0 0
tazer4.dat 1592208 7863 0 0
tazer10.dat 12476161 7775 0 0
tazer10.dat 16929507 7159 0 0
tazer10.dat 10219165 8836 0 0
tazer10.dat 18246634 7432 0 0
tazer10.dat 7896159 8768 0 0
tazer10.dat 19193263 8571 0 0
tazer10.dat 17733336 7926 0 0
tazer10.dat 19650518 8442 0 0
tazer10.dat 5596861 9155 0 0
tazer10.dat 19337766 7894 0 0
tazer10.dat 14228007 8703 0 0
tazer10.dat 16922540 6967 0 0
tazer10.dat 449470 8536 0 0
tazer10.dat 2806166 8207 0 0
tazer10.dat 9566043 8444 0 0
tazer10.dat 13798570 9234 0 0
tazer10.dat 18754930 9247 0 0
tazer10.dat 9779831 8306 0 0
tazer10.dat 17064830 7535 0 0
tazer4.dat 284882 8232 0 0
tazer4.dat 1615871 8950 0 0
tazer1.dat 256590 6850 0 0
tazer5.dat 1040699 7237 0 0
tazer5.dat 1047936 8126 0 0
tazer5.dat 1056062 7179 0 0
tazer5.dat 1063241 6302 0 0
tazer10.dat 10778245 6528 0 0
tazer10.dat 1856625 7155 0 0
tazer10.dat 19125796 7543 0 0
tazer10.dat 17106790 7895 0 0
tazer10.dat 18487388 8252 0 0
tazer10.dat 12920984 7899 0 0
tazer10.dat 6470918 8804 0 0
tazer10.dat 16875062 7803 0 0
tazer10.dat 10392087 7409 0 0
tazer10.dat 6607449 7464 0 0
tazer10.dat 12022478 8751 0 0
tazer10.dat 9803455 8119 0 0
tazer10.dat 12183075 7775 0 0
tazer10.dat 16412640 8438 0 0
tazer10.dat 12206420 9048 0 0
tazer10.dat 11192319 7574 0 0
tazer10.dat 18391953 7898 0 0
tazer10.dat 3429322 8413 0 0
tazer10.dat 16354625 7914 0 0
tazer5.dat 1069543 8010 0 0
tazer5.dat 1077553 9993 0 0
tazer5.dat 1087546 8536 0 0
tazer5.dat 1096082 9028 0 0
tazer1.dat 263440 7672 0 0
tazer4.dat 2626494 7316 0 0
tazer4.dat 1754973 7274 0 0
tazer10.dat 10982300 7450 0 0
tazer10.dat 9887492 8682 0 0
tazer10.dat 2773375 10387 0 0
tazer10.dat 19816935 7762 0 0
tazer10.dat 8934078 8018 0 0
tazer10.dat 1323364 8110 0 0
tazer10.dat 6833271 8772 0 0
tazer10.dat 13478985 9044 0 0
tazer10.dat 13436045 8994 0 0
tazer10.dat 18056136 8809 0 0
tazer10.dat 4400432 7843 0 0
tazer10.dat 17863952 8943 0 0
tazer10.dat 9186255 8967 0 0
tazer10.dat 4938055 8530 0 0
tazer10.dat 6408081 8735 0 0
tazer10.dat 4963648 8211 0 0
tazer10.dat 16430062 6783 0 0
tazer10.dat 2581832 6864 0 0
tazer10.dat 13153221 8795 0 0
tazer1.dat 271112 6919 0 0
tazer10.dat 19765728 8982 0 0
tazer10.dat 2937081 8351 0 0
tazer10.dat 14741287 8189 0 0
tazer10.dat 14638358 7016 0 0
tazer10.dat 11199893 10542 0 0
tazer10.dat 19848948 8521 0 0
tazer10.dat 5222491 8322 0 0
tazer10.dat 15764898 9064 0 0
tazer10.dat 19117692 8104 0 0
tazer10.dat 6371258 7997 0 0
tazer10.dat 17534990 10196 0 0
tazer10.dat 12600688 10425 0 0
tazer10.dat 4759296 8639 0 0
tazer10.dat 7521654 7345 0 0
tazer10.dat 12492736 9624 0 0
tazer10.dat 10037273 8474 0 0
tazer10.dat 13724794 7672 0 0
tazer10.dat 16088903 8155 0 0
tazer10.dat 6304515 9146 0 0
tazer5.dat 1105110 7308 0 0
tazer5.dat 1112418 8567 0 0
tazer5.dat 1120985 7407 0 0
tazer5.dat 1128392 7780 0 0
tazer4.dat 1290044 7027 0 0
tazer4.dat 1550528 7811 0 0
tazer5.dat 1136172 7671 0 0
tazer5.dat 1143843 7840 0 0
tazer5.dat 1151683 8736 0 0
tazer5.dat 1160419 6905 0 0
tazer4.dat 2821229 8162 0 0
tazer4.dat 1074947 9723 0 0
tazer10.dat 8770280 8796 0 0
tazer10.dat 7295732 7901 0 0
tazer10.dat 9764711 8101 0 0
tazer10.dat 5272545 8261 0 0
tazer10.dat 3308305 8075 0 0
tazer10.dat 19241930 7162 0 0
tazer10.dat 3048198 8825 0 0
tazer10.dat 10358574 9467 0 0
tazer10.dat 4441155 7733 0 0
tazer10.dat 16288767 8000 0 0
tazer10.dat 18278396 8307 0 0
tazer10.dat 13394233 7904 0 0
tazer10.dat 18003768 8171 0 0
tazer10.dat 8736318 8353 0 0
tazer10.dat 14771547 9715 0 0
tazer10.dat 15989731 7766 0 0
tazer10.dat 1954683 6906 0 0
tazer10.dat 8414342 8732 0 0
tazer10.dat 8334114 8155 0 0
tazer1.dat 278031 9105 0 0
tazer10.dat 17016614 7926 0 0
tazer10.dat 12543064 7581 0 0
tazer10.dat 18946246 8762 0 0
tazer10.dat 18693363 5120 0 0
tazer10.dat 8423074 8324 0 0
tazer10.dat 14354732 8315 0 0
tazer10.dat 13554895 9058 0 0
tazer10.dat 7788701 8999 0 0
tazer10.dat 647027 7478 0 0
tazer10.dat 11149644 8433 0 0
tazer10.dat 2623064 9157 0 0
tazer10.dat 18722489 7327 0 0
tazer10.dat 10431755 9910 0 0
tazer10.dat 11770146 8380 0 0
tazer10.dat 14070917 8196 0 0
tazer10.dat 16155436 8987 0 0
tazer10.dat 19526214 9155 0 0
tazer10.dat 2074031 7556 0 0
tazer10.dat 4767935 7746 0 0
tazer5.dat 1167324 7835 0 0
tazer5.dat 1175159 8907 0 0
tazer5.dat 1184066 8032 0 0
tazer5.dat 1192098 8923 0 0
tazer4.dat 2803517 9978 0 0
tazer4.dat 2112817 8040 0 0
tazer1.dat 287136 7863 0 0
tazer1.dat 294999 7568 0 0
tazer5.dat 1201021 8533 0 0
tazer5.dat 1209554 6385 0 0
tazer5.dat 1215939 8145 0 0
tazer5.dat 1224084 7758 0 0
tazer10.dat 19331131 6635 0 0
tazer10.dat 12976095 8122 0 0
tazer10.dat 9213737 7373 0 0
tazer10.dat 9961829 7854 0 0
tazer10.dat 3550275 7922 0 0
tazer10.dat 8309190 8170 0 0
tazer10.dat 6915195 8876 0 0
tazer10.dat 14079113 8100 0 0
tazer10.dat 13278852 8337 0 0
tazer10.dat 6101428 8257 0 0
tazer10.dat 1507189 7775 0 0
tazer10.dat 14421140 7065 0 0
tazer10.dat 8617635 7829 0 0
tazer10.dat 11801608 7408 0 0
tazer10.dat 6960990 7596 0 0
tazer10.dat 14590355 7705 0 0
tazer10.dat 12039352 10111 0 0
tazer10.dat 15874358 7466 0 0
tazer10.dat 2879330 7033 0 0
tazer4.dat 689541 9271 0 0
tazer4.dat 1446481 8909 0 0
tazer5.dat 1231842 7598 0 0
tazer5.dat 1239440 8906 0 0
tazer5.dat 1248346 8013 0 0
tazer5.dat 1256359 7161 0 0
tazer1.dat 302567 7191 0 0
tazer4.dat 1329206 6858 0 0
tazer4.dat 1033654 8640 0 0
tazer10.dat 1089516 7465 0 0
tazer10.dat 12331770 9024 0 0
tazer10.dat 1338852 7606 0 0
tazer10.dat 8857705 9765 0 0
tazer10.dat 6479722 8308 0 0
tazer10.dat 3477824 7659 0 0
tazer10.dat 14169206 8801 0 0
tazer10.dat 15865655 8703 0 0
tazer10.dat 6267831 6572 0 0
tazer10.dat 9034469 8022 0 0
tazer10.dat 18456663 6165 0 0
tazer10.dat 10094810 8378 0 0
tazer10.dat 12468336 7825 0 0
tazer10.dat 3403937 8458 0 0
tazer10.dat 6076265 8669 0 0
tazer10.dat 16131000 8110 0 0
tazer10.dat 921404 9297 0 0
tazer10.dat 5530443 8195 0 0
tazer10.dat 7888313 7846 0 0
tazer4.dat 1565932 9507 0 0
tazer4.dat 532500 8521 0 0
tazer5.dat 1263520 8916 0 0
tazer5.dat 1272436 9071 0 0
tazer5.dat 1281507 8032 0 0
tazer5.dat 1289539 8561 0 0
tazer1.dat 309758 9209 0 0
tazer10.dat 9146363 8198 0 0
tazer10.dat 2871473 7857 0 0
tazer10.dat 9708883 6938 0 0
tazer10.dat 11225375 7842 0 0
tazer10.dat 11563684 7377 0 0
tazer10.dat 10245477 8842 0 0
tazer10.dat 5312853 7877 0 0
tazer10.dat 15203734 8105 0 0
tazer10.dat 7498363 7083 0 0
tazer10.dat 2009169 8476 0 0
tazer10.dat 16619356 8246 0 0
tazer10.dat 2066217 7814 0 0
tazer10.dat 9937112 8882 0 0
tazer10.dat 7481094 8338 0 0
tazer10.dat 11183830 8489 0 0
tazer10.dat 6638412 7508 0 0
tazer10.dat 12904066 8154 0 0
tazer10.dat 16223189 8905 0 0
tazer10.dat 12558884 9705 0 0
tazer10.dat 7773180 7415 0 0
tazer10.dat 8469206 7090 0 0
tazer10.dat 8113668 8134 0 0
tazer10.dat 10254319 9429 0 0
tazer10.dat 17799029 8540 0 0
tazer10.dat 6994993 9276 0 0
tazer10.dat 16603978 7439 0 0
tazer10.dat 19444768 7375 0 0
tazer10.dat 9098732 7841 0 0
tazer10.dat 15698382 8563 0 0
tazer10.dat 12279661 9185 0 0
tazer10.dat 6533863 8236 0 0
tazer10.dat 18671236 6575 0 0
tazer10.dat 4612212 8307 0 0
tazer10.dat 5368222 8658 0 0
tazer10.dat 2493917 7348 0 0
tazer10.dat 1531874 8459 0 0
tazer10.dat 18572014 8588 0 0
tazer10.dat 9668817 8032 0 0
tazer4.dat 405564 6973 0 0
tazer4.dat 2207146 8362 0 0
tazer5.dat 1298100 7817 0 0
tazer5.dat 1305917 8543 0 0
tazer5.dat 1314460 8354 0 0
tazer5.dat 1322814 8012 0 0
tazer1.dat 318967 8666 0 0
tazer10.dat 14380252 8383 0 0
tazer10.dat 981622 8304 0 0
tazer10.dat 8900080 7563 0 0
tazer10.dat 8892643 7437 0 0
tazer10.dat 3801574 8351 0 0
tazer10.dat 590596 9349 0 0
tazer10.dat 2672985 8307 0 0
tazer10.dat 16671935 7721 0 0
tazer10.dat 6233484 8672 0 0
tazer10.dat 9042491 8337 0 0
tazer10.dat 10688499 8905 0 0
tazer10.dat 12912220 8764 0 0
tazer10.dat 19601726 7668 0 0
tazer10.dat 5459942 8112 0 0
tazer10.dat 7537257 8386 0 0
tazer10.dat 5722537 6458 0 0
tazer10.dat 7568651 8623 0 0
tazer10.dat 5822826 8146 0 0
tazer10.dat 18131487 7798 0 0
tazer5.dat 1330826 9449 0 0
tazer5.dat 1340275 8154 0 0
tazer5.dat 1348429 7264 0 0
tazer5.dat 1355693 7050 0 0
tazer4.dat 1242002 7604 0 0
tazer4.dat 250279 9239 0 0
tazer1.dat 327633 7863 0 0
tazer4.dat 1297071 7987 0 0
tazer4.dat 857555 7747 0 0
tazer1.dat 335496 7836 0 0
tazer10.dat 12452837 7304 0 0
tazer10.dat 18470587 8084 0 0
tazer10.dat 12887141 8240 0 0
tazer10.dat 5907418 7960 0 0
tazer10.dat 7873283 7222 0 0
tazer10.dat 18433034 8380 0 0
tazer10.dat 15740989 7479 0 0
tazer10.dat 9715821 7462 0 0
tazer10.dat 691693 9305 0 0
tazer10.dat 8201545 7153 0 0
tazer10.dat 8668478 8234 0 0
tazer10.dat 5092367 8153 0 0
tazer10.dat 2134716 7212 0 0
tazer10.dat 18238538 8096 0 0
tazer10.dat 19984766 7288 0 0
tazer10.dat 4117036 7628 0 0
tazer10.dat 14111371 8050 0 0
tazer10.dat 1150999 9274 0 0
tazer10.dat 18955008 8920 0 0
tazer5.dat 1362743 7744 0 0
tazer5.dat 1370487 8335 0 0
tazer5.dat 1378822 7650 0 0
tazer5.dat 1386472 8159 0 0
tazer5.dat 1394631 9500 0 0
tazer5.dat 1404131 8906 0 0
tazer5.dat 1413037 8701 0 0
tazer5.dat 1421738 8696 0 0
tazer4.dat 920424 7112 0 0
tazer4.dat 1093461 8693 0 0
tazer1.dat 343332 7855 0 0
tazer10.dat 18844574 8983 0 0
tazer10.dat 2050701 8139 0 0
tazer10.dat 10423862 7893 0 0
tazer10.dat 8710456 9260 0 0
tazer10.dat 8256320 9342 0 0
tazer10.dat 19625777 8211 0 0
tazer10.dat 6802663 8162 0 0
tazer10.dat 7489432 8931 0 0
tazer10.dat 18612279 8731 0 0
tazer10.dat 17324253 8099 0 0
tazer10.dat 13922510 7440 0 0
tazer10.dat 15534658 8582 0 0
tazer10.dat 17572219 8612 0 0
tazer10.dat 15426284 7737 0 0
tazer10.dat 4954638 9010 0 0
tazer10.dat 989926 8626 0 0
tazer10.dat 15675611 7907 0 0
tazer10.dat 17764507 9431 0 0
tazer10.dat 9448993 8400 0 0
tazer1.dat 351187 6760 0 0
tazer5.dat 1430434 7731 0 0
tazer5.dat 1438165 7845 0 0
tazer5.dat 1446010 8988 0 0
tazer5.dat 1454998 9519 0 0
tazer4.dat 1672454 8049 0 0
tazer4.dat 412537 9089 0 0
tazer10.dat 57487 7784 0 0
tazer10.dat 5077058 8073 0 0
tazer10.dat 3735761 9021 0 0
tazer10.dat 3228098 9117 0 0
tazer10.dat 11125810 7218 0 0
tazer10.dat 4193871 8497 0 0
tazer10.dat 4490695 8916 0 0
tazer10.dat 11109150 7985 0 0
tazer10.dat 1058480 8223 0 0
tazer10.dat 9195222 8591 0 0
tazer10.dat 10538824 7262 0 0
tazer10.dat 12536559 6505 0 0
tazer10.dat 11241390 8953 0 0
tazer10.dat 14889977 7463 0 0
tazer10.dat 3166975 9093 0 0
tazer10.dat 5715339 7198 0 0
tazer10.dat 18980655 8774 0 0
tazer10.dat 3778331 7766 0 0
tazer10.dat 17617715 9109 0 0
tazer1.dat 357947 7751 0 0
tazer5.dat 1464517 7679 0 0
tazer5.dat 1472196 8101 0 0
tazer5.dat 1480297 8931 0 0
tazer5.dat 1489228 8221 0 0
tazer10.dat 19427906 8893 0 0
tazer10.dat 16549138 6628 0 0
tazer10.dat 2431430 8125 0 0
tazer10.dat 16840772 7599 0 0
tazer10.dat 16181571 9190 0 0
tazer10.dat 11982185 8666 0 0
tazer10.dat 7986414 8876 0 0
tazer10.dat 17973210 7706 0 0
tazer10.dat 8398683 7865 0 0
tazer10.dat 11917088 7835 0 0
tazer10.dat 12518498 8858 0 0
tazer10.dat 5806244 7885 0 0
tazer10.dat 6118022 7101 0 0
tazer10.dat 1700534 7196 0 0
tazer10.dat 17205299 7894 0 0
tazer10.dat 17435221 7805 0 0
tazer10.dat 1111901 7041 0 0
tazer10.dat 2765521 7854 0 0
tazer10.dat 3905563 7211 0 0
tazer4.dat 2015148 7548 0 0
tazer4.dat 1999262 7792 0 0
tazer1.dat 365698 8689 0 0
tazer4.dat 773274 8023 0 0
tazer4.dat 1541730 8798 0 0
tazer10.dat 1848814 7811 0 0
tazer10.dat 14968393 8331 0 0
tazer10.dat 12764946 7557 0 0
tazer10.dat 9757414 7297 0 0
tazer10.dat 19209288 8252 0 0
tazer10.dat 1014835 8755 0 0
tazer10.dat 19959098 9151 0 0
tazer10.dat 5998628 8376 0 0
tazer10.dat 16890108 7449 0 0
tazer10.dat 7249747 9253 0 0
tazer10.dat 10586647 8326 0 0
tazer10.dat 11036742 9133 0 0
tazer10.dat 14918459 8930 0 0
tazer10.dat 1594347 10102 0 0
tazer10.dat 14911832 6627 0 0
tazer10.dat 560652 8002 0 0
tazer10.dat 18686691 6672 0 0
tazer10.dat 6084934 8115 0 0
tazer10.dat 12870171 8892 0 0
tazer5.dat 1497449 7839 0 0
tazer5.dat 1505288 8368 0 0
tazer5.dat 1513656 7871 0 0
tazer5.dat 1521527 8829 0 0
tazer1.dat 374387 7676 0 0
tazer4.dat 430031 8023 0 0
tazer4.dat 1884930 9251 0 0
tazer10.dat 5973335 8214 0 0
tazer10.dat 1126164 7745 0 0
tazer10.dat 1896513 8588 0 0
tazer10.dat 8058553 7314 0 0
tazer10.dat 8827950 6663 0 0
tazer10.dat 15096414 7882 0 0
tazer10.dat 7961578 9970 0 0
tazer10.dat 6818154 7266 0 0
tazer10.dat 15560608 8707 0 0
tazer10.dat 9795487 7968 0 0
tazer10.dat 3159325 7650 0 0
tazer10.dat 13296634 8595 0 0
tazer10.dat 9676849 6578 0 0
tazer10.dat 1982881 8872 0 0
tazer10.dat 8041439 8113 0 0
tazer10.dat 16983253 8232 0 0
tazer10.dat 1782638 8269 0 0
tazer10.dat 773562 7551 0 0
tazer10.dat 2799705 6461 0 0
tazer5.dat 1530356 9373 0 0
tazer5.dat 1539729 8702 0 0
tazer5.dat 1548431 6715 0 0
tazer5.dat 1555146 8802 0 0
tazer1.dat 382063 7734 0 0
tazer4.dat 823783 9048 0 0
tazer4.dat 2256647 8896 0 0
tazer5.dat 1563948 8285 0 0
tazer5.dat 1572233 7900 0 0
tazer5.dat 1580133 6478 0 0
tazer5.dat 1586611 6960 0 0
tazer10.dat 1546591 8370 0 0
tazer10.dat 10005111 8550 0 0
tazer10.dat 16263928 8197 0 0
tazer10.dat 16255647 8281 0 0
tazer10.dat 1272626 7894 0 0
tazer10.dat 12635620 8576 0 0
tazer10.dat 7780595 8106 0 0
tazer10.dat 2350636 8201 0 0
tazer10.dat 10577345 9302 0 0
tazer10.dat 7124407 7853 0 0
tazer10.dat 19226147 7807 0 0
tazer10.dat 6141126 8479 0 0
tazer10.dat 11941355 9309 0 0
tazer10.dat 15112168 6684 0 0
tazer10.dat 1280520 10372 0 0
tazer10.dat 11885121 7888 0 0
tazer10.dat 9582994 10145 0 0
tazer10.dat 16081081 7822 0 0
tazer10.dat 7043335 7637 0 0
tazer10.dat 17939675 8407 0 0
tazer10.dat 7971548 6905 0 0
tazer10.dat 14434425 7679 0 0
tazer10.dat 10296903 7377 0 0
tazer10.dat 4294228 7694 0 0
tazer10.dat 12173382 9693 0 0
tazer10.dat 19721712 8569 0 0
tazer10.dat 5239899 8325 0 0
tazer10.dat 10177507 7444 0 0
tazer10.dat 2446202 8976 0 0
tazer10.dat 12255912 7494 0 0
tazer10.dat 17823682 8568 0 0
tazer10.dat 2463605 7592 0 0
tazer10.dat 4737854 8026 0 0
tazer10.dat 6724082 6304 0 0
tazer10.dat 18171236 7752 0 0
tazer10.dat 11690931 8229 0 0
tazer10.dat 15073320 7409 0 0
tazer10.dat 14550165 8675 0 0
tazer5.dat 1593571 9192 0 0
tazer5.dat 1602763 6993 0 0
tazer5.dat 1609756 8703 0 0
tazer5.dat 1618459 7788 0 0
tazer1.dat 389797 9804 0 0
tazer4.dat 2215508 7249 0 0
tazer4.dat 2881661 9683 0 0
tazer5.dat 1626247 8832 0 0
tazer5.dat 1635079 7265 0 0
tazer5.dat 1642344 8760 0 0
tazer5.dat 1651104 8795 0 0
tazer10.dat 18108649 7389 0 0
tazer10.dat 15293760 8033 0 0
tazer10.dat 18147685 8199 0 0
tazer10.dat 10817187 9323 0 0
tazer10.dat 12862118 8053 0 0
tazer10.dat 12722935 8872 0 0
tazer10.dat 364789 9111 0 0
tazer10.dat 4687499 9797 0 0
tazer10.dat 11870031 6914 0 0
tazer10.dat 12619815 7580 0 0
tazer10.dat 9178454 7801 0 0
tazer10.dat 6353030 8664 0 0
tazer10.dat 5280806 7474 0 0
tazer10.dat 1405331 7569 0 0
tazer10.dat 3872423 8135 0 0
tazer10.dat 11635341 7222 0 0
tazer10.dat 17635789 7297 0 0
tazer10.dat 3959254 8207 0 0
tazer10.dat 11539577 8046 0 0
tazer4.dat 953214 7409 0 0
tazer4.dat 1344650 8654 0 0
tazer1.dat 399601 7128 0 0
tazer10.dat 14679061 8446 0 0
tazer10.dat 14726637 6803 0 0
tazer10.dat 17398479 7949 0 0
tazer10.dat 7276959 9237 0 0
tazer10.dat 19055395 8045 0 0
tazer10.dat 12147824 8339 0 0
tazer10.dat 14805663 10125 0 0
tazer10.dat 4054524 6302 0 0
tazer10.dat 9310609 8867 0 0
tazer10.dat 19013807 7367 0 0
tazer10.dat 17747553 8285 0 0
tazer10.dat 2487670 6247 0 0
tazer10.dat 3679449 8841 0 0
tazer10.dat 18661728 9508 0 0
tazer10.dat 19617266 8511 0 0
tazer10.dat 12831340 7203 0 0
tazer10.dat 1765290 7480 0 0
tazer10.dat 16164423 8537 0 0
tazer10.dat 14574263 8099 0 0
tazer5.dat 1659899 7861 0 0
tazer5.dat 1667760 8271 0 0
tazer5.dat 1676031 9676 0 0
tazer5.dat 1685707 8994 0 0
tazer4.dat 2939275 9314 0 0
tazer4.dat 1141917 9732 0 0
tazer1.dat 406729 6923 0 0
tazer1.dat 413652 8925 0 0
tazer4.dat 2458252 6628 0 0
tazer4.dat 2380259 7007 0 0
tazer10.dat 6453780 8660 0 0
tazer10.dat 18423659 9375 0 0
tazer10.dat 1176910 7953 0 0
tazer10.dat 3135326 7803 0 0
tazer10.dat 2976034 7777 0 0
tazer10.dat 18972154 8501 0 0
tazer10.dat 10119687 9551 0 0
tazer10.dat 4721675 8493 0 0
tazer10.dat 2864219 7254 0 0
tazer10.dat 10054764 7645 0 0
tazer10.dat 16012925 6890 0 0
tazer10.dat 18989429 8958 0 0
tazer10.dat 159588 8771 0 0
tazer10.dat 19157915 8068 0 0
tazer10.dat 2705776 7751 0 0
tazer10.dat 5173409 8296 0 0
tazer10.dat 5768195 7329 0 0
tazer10.dat 18714546 7943 0 0
tazer10.dat 11019735 8362 0 0
tazer5.dat 1694701 8037 0 0
tazer5.dat 1702738 8421 0 0
tazer5.dat 1711159 8125 0 0
tazer5.dat 1719284 8847 0 0
tazer4.dat 1633060 8641 0 0
tazer4.dat 1016938 9014 0 0
tazer5.dat 1728131 9024 0 0
tazer5.dat 1737155 9454 0 0
tazer5.dat 1746609 7588 0 0
tazer5.dat 1754197 8586 0 0
tazer1.dat 422577 7331 0 0
tazer10.dat 14474493 8446 0 0
tazer10.dat 2422188 9242 0 0
tazer10.dat 17588777 7091 0 0
tazer10.dat 10888889 8759 0 0
tazer10.dat 236177 8440 0 0
tazer10.dat 9375702 7045 0 0
tazer10.dat 13580363 8275 0 0
tazer10.dat 356093 8696 0 0
tazer10.dat 7864735 8548 0 0
tazer10.dat 15748468 8510 0 0
tazer10.dat 7552846 8893 0 0
tazer10.dat 700998 8577 0 0
tazer10.dat 857618 8013 0 0
tazer10.dat 2664891 8094 0 0
tazer10.dat 14338633 7395 0 0
tazer10.dat 616113 6438 0 0
tazer10.dat 13386816 7417 0 0
tazer10.dat 4573374 6902 0 0
tazer10.dat 15569315 8360 0 0
tazer10.dat 4448888 8963 0 0
tazer10.dat 14781262 7604 0 0
tazer10.dat 19355040 7518 0 0
tazer10.dat 1831556 8681 0 0
tazer10.dat 3849146 7823 0 0
tazer10.dat 9945994 7682 0 0
tazer10.dat 11684690 6241 0 0
tazer10.dat 9691176 9547 0 0
tazer10.dat 11593900 7642 0 0
tazer10.dat 9333879 9107 0 0
tazer10.dat 14719155 7482 0 0
tazer10.dat 4391152 9280 0 0
tazer10.dat 8685368 8217 0 0
tazer10.dat 13411261 8212 0 0
tazer10.dat 11828359 8062 0 0
tazer10.dat 10655501 8009 0 0
tazer10.dat 17741262 6291 0 0
tazer10.dat 6167082 8471 0 0
tazer10.dat 5297343 9385 0 0
tazer4.dat 2777558 7766 0 0
tazer4.dat 2735910 7598 0 0
tazer1.dat 429908 7052 0 0
tazer5.dat 1762783 8644 0 0
tazer5.dat 1771427 7564 0 0
tazer5.dat 1778991 9713 0 0
tazer5.dat 1788704 8005 0 0
tazer5.dat 1796709 8369 0 0
tazer5.dat 1805078 7670 0 0
tazer5.dat 1812748 6823 0 0
tazer5.dat 1819571 8630 0 0
tazer10.dat 14695824 5583 0 0
tazer10.dat 9398837 8918 0 0
tazer10.dat 7240376 9371 0 0
tazer10.dat 4109218 7818 0 0
tazer10.dat 17888180 8650 0 0
tazer10.dat 7797700 8430 0 0
tazer10.dat 4580276 6834 0 0
tazer10.dat 399003 7765 0 0
tazer10.dat 10646180 9321 0 0
tazer10.dat 8959877 7924 0 0
tazer10.dat 1682631 8752 0 0
tazer10.dat 17980916 7487 0 0
tazer10.dat 2119909 7102 0 0
tazer10.dat 7440873 8477 0 0
tazer10.dat 3080469 7427 0 0
tazer10.dat 16403833 8807 0 0
tazer10.dat 17122573 7548 0 0
tazer10.dat 16386318 8937 0 0
tazer10.dat 7561739 6912 0 0
tazer1.dat 436960 7614 0 0
tazer4.dat 2813495 7734 0 0
tazer4.dat 969036 6750 0 0
tazer1.dat 444574 7162 0 0
tazer5.dat 1828201 7873 0 0
tazer5.dat 1836074 7806 0 0
tazer5.dat 1843880 7366 0 0
tazer5.dat 1851246 7861 0 0
tazer10.dat 13693320 7378 0 0
tazer10.dat 17896830 8867 0 0
tazer10.dat 546126 7244 0 0
tazer10.dat 13740782 7625 0 0
tazer10.dat 12935953 7281 0 0
tazer10.dat 6093049 8379 0 0
tazer10.dat 10906238 8983 0 0
tazer10.dat 13031414 7190 0 0
tazer10.dat 10594973 8045 0 0
tazer10.dat 7821407 8898 0 0
tazer10.dat 2367122 8366 0 0
tazer10.dat 6542099 7011 0 0
tazer10.dat 19831687 8593 0 0
tazer10.dat 11998301 7070 0 0
tazer10.dat 17773938 8175 0 0
tazer10.dat 2058840 7377 0 0
tazer10.dat 5880938 8242 0 0
tazer10.dat 4604010 8202 0 0
tazer10.dat 2509753 7981 0 0
tazer4.dat 640040 8937 0 0
tazer4.dat 1762247 8861 0 0
tazer10.dat 14388635 8066 0 0
tazer10.dat 16362539 7137 0 0
tazer10.dat 5955965 7592 0 0
tazer10.dat 1514964 8909 0 0
tazer10.dat 6622591 8970 0 0
tazer10.dat 3246157 8288 0 0
tazer10.dat 12075852 8316 0 0
tazer10.dat 18764177 7874 0 0
tazer10.dat 18938131 8115 0 0
tazer10.dat 7366503 7614 0 0
tazer10.dat 1048939 9541 0 0
tazer10.dat 4091708 9511 0 0
tazer10.dat 4833202 8601 0 0
tazer10.dat 2722918 9122 0 0
tazer10.dat 9829243 7876 0 0
tazer10.dat 8438133 8078 0 0
tazer10.dat 9634509 7692 0 0
tazer10.dat 13545603 9292 0 0
tazer10.dat 9642201 8484 0 0
tazer5.dat 1859107 8657 0 0
tazer5.dat 1867764 8389 0 0
tazer5.dat 1876153 8718 0 0
tazer5.dat 1884871 7150 0 0
tazer1.dat 451736 7809 0 0
tazer4.dat 681333 8208 0 0
tazer4.dat 1830840 8107 0 0
tazer10.dat 13807804 7259 0 0
tazer10.dat 7319522 8091 0 0
tazer10.dat 18580602 8070 0 0
tazer10.dat 10070979 7862 0 0
tazer10.dat 1604449 9421 0 0
tazer10.dat 4697296 8265 0 0
tazer10.dat 7286196 9536 0 0
tazer10.dat 11390644 8288 0 0
tazer10.dat 19086508 8004 0 0
tazer10.dat 1577940 7465 0 0
tazer10.dat 14582362 7993 0 0
tazer10.dat 0 9148 0 0
tazer10.dat 12156163 7790 0 0
tazer10.dat 12058024 8259 0 0
tazer10.dat 2309107 9127 0 0
tazer10.dat 3388906 8218 0 0
tazer10.dat 5320730 7580 0 0
tazer10.dat 4783591 9342 0 0
tazer10.dat 13352695 8117 0 0
tazer5.dat 1892021 8907 0 0
tazer5.dat 1900928 8207 0 0
tazer5.dat 1909135 7595 0 0
tazer5.dat 1916730 7182 0 0
tazer1.dat 459545 7760 0 0
tazer4.dat 2139490 7841 0 0
tazer4.dat 1949518 7707 0 0
tazer10.dat 15732627 8362 0 0
tazer10.dat 18399851 7876 0 0
tazer10.dat 4457851 7234 0 0
tazer10.dat 13185718 7334 0 0
tazer10.dat 5328310 8000 0 0
tazer10.dat 10497761 9106 0 0
tazer10.dat 2164621 8268 0 0
tazer10.dat 14151513 8500 0 0
tazer10.dat 6386187 7125 0 0
tazer10.dat 9342986 6978 0 0
tazer10.dat 3648643 7844 0 0
tazer10.dat 18415815 7844 0 0
tazer10.dat 17554370 8850 0 0
tazer10.dat 4045942 8582 0 0
tazer10.dat 11667221 8932 0 0
tazer10.dat 13700698 8308 0 0
tazer10.dat 14558840 7369 0 0
tazer10.dat 18478671 8717 0 0
tazer10.dat 15418657 7627 0 0
tazer5.dat 1923912 8304 0 0
tazer5.dat 1932216 8525 0 0
tazer5.dat 1940741 7544 0 0
tazer5.dat 1948285 8505 0 0
tazer1.dat 467305 8537 0 0
tazer4.dat 2155320 8664 0 0
tazer4.dat 2863375 9324 0 0
tazer10.dat 17510395 8044 0 0
tazer10.dat 10546086 7449 0 0
tazer10.dat 1437365 5205 0 0
tazer10.dat 5790627 7867 0 0
tazer10.dat 1913366 7383 0 0
tazer10.dat 9084176 8347 0 0
tazer10.dat 8762821 7459 0 0
tazer10.dat 15832640 7991 0 0
tazer10.dat 3841879 7267 0 0
tazer10.dat 12005371 8633 0 0
tazer10.dat 8811186 8838 0 0
tazer10.dat 17364345 8353 0 0
tazer10.dat 17988403 7935 0 0
tazer10.dat 15395007 7789 0 0
tazer10.dat 17660220 6714 0 0
tazer10.dat 19494987 7333 0 0
tazer10.dat 2182525 5992 0 0
tazer10.dat 15170965 8257 0 0
tazer10.dat 13647924 6218 0 0
tazer4.dat 2191613 7899 0 0
tazer4.dat 1607351 8520 0 0
tazer1.dat 475842 8563 0 0
tazer5.dat 1956790 7945 0 0
tazer5.dat 1964735 7739 0 0
tazer5.dat 1972474 7661 0 0
tazer5.dat 1980135 9167 0 0
tazer10.dat 6206806 9819 0 0
tazer10.dat 14482939 8471 0 0
tazer10.dat 3493600 7596 0 0
tazer10.dat 6488030 8116 0 0
tazer10.dat 13136874 8518 0 0
tazer10.dat 14491410 9286 0 0
tazer10.dat 8104871 8797 0 0
tazer10.dat 15179222 7860 0 0
tazer10.dat 12349103 9396 0 0
tazer10.dat 10193261 8918 0 0
tazer10.dat 9740095 8557 0 0
tazer10.dat 6898233 7777 0 0
tazer10.dat 10530775 8049 0 0
tazer10.dat 14087213 8022 0 0
tazer10.dat 1160273 8563 0 0
tazer10.dat 19045800 9595 0 0
tazer10.dat 607404 8709 0 0
tazer10.dat 16664118 7817 0 0
tazer10.dat 8515917 8688 0 0
tazer5.dat 1989302 8748 0 0
tazer5.dat 1998050 9086 0 0
tazer5.dat 2007136 8492 0 0
tazer5.dat 2015628 7308 0 0
tazer4.dat 664614 8521 0 0
tazer4.dat 1722323 8888 0 0
tazer1.dat 484405 8772 0 0
tazer10.dat 11028097 8645 0 0
tazer10.dat 10784773 8653 0 0
tazer10.dat 14797359 8304 0 0
tazer10.dat 2471197 8163 0 0
tazer10.dat 14041424 7637 0 0
tazer10.dat 11610049 8997 0 0
tazer10.dat 9953676 8153 0 0
tazer10.dat 19436799 7969 0 0
tazer10.dat 15815049 8560 0 0
tazer10.dat 3301933 6372 0 0
tazer10.dat 3348375 6979 0 0
tazer10.dat 19774710 8523 0 0
tazer10.dat 7545643 7203 0 0
tazer10.dat 18921465 8970 0 0
tazer10.dat 6068583 7682 0 0
tazer10.dat 14329845 8788 0 0
tazer10.dat 11415922 8251 0 0
tazer10.dat 8239378 7757 0 0
tazer10.dat 17048622 7706 0 0
tazer1.dat 493177 8305 0 0
tazer5.dat 2022936 7897 0 0
tazer5.dat 2030833 8524 0 0
tazer5.dat 2039357 9518 0 0
tazer5.dat 2048875 8774 0 0
tazer4.dat 209102 7814 0 0
tazer4.dat 936302 7529 0 0
tazer4.dat 1649557 7247 0 0
tazer4.dat 40432 7474 0 0
tazer1.dat 501482 11446 0 0
tazer10.dat 18886954 10171 0 0
tazer10.dat 7165195 9089 0 0
tazer10.dat 10455363 7150 0 0
tazer10.dat 7004269 8151 0 0
tazer10.dat 12805591 8758 0 0
tazer10.dat 9414823 9598 0 0
tazer10.dat 4594674 9336 0 0
tazer10.dat 8583497 7960 0 0
tazer10.dat 11258786 7792 0 0
tazer10.dat 5839583 8343 0 0
tazer10.dat 7830305 9084 0 0
tazer10.dat 17996338 7430 0 0
tazer10.dat 7628705 8423 0 0
tazer10.dat 914075 7329 0 0
tazer10.dat 16139110 6701 0 0
tazer10.dat 1105133 6768 0 0
tazer10.dat 16848371 9338 0 0
tazer10.dat 873369 9249 0 0
tazer10.dat 14897440 7229 0 0
tazer5.dat 2057649 8631 0 0
tazer5.dat 2066280 8005 0 0
tazer5.dat 2074285 7952 0 0
tazer5.dat 2082237 8171 0 0
tazer5.dat 2090408 8148 0 0
tazer5.dat 2098556 7858 0 0
tazer5.dat 2106414 8481 0 0
tazer5.dat 2114895 9545 0 0
tazer4.dat 1526319 8251 0 0
tazer4.dat 345613 9167 0 0
tazer10.dat 17170560 8766 0 0
tazer10.dat 10399496 9919 0 0
tazer10.dat 747073 7671 0 0
tazer10.dat 16005658 7267 0 0
tazer10.dat 13709006 7769 0 0
tazer10.dat 17406428 9473 0 0
tazer10.dat 10826510 7960 0 0
tazer10.dat 1023590 9149 0 0
tazer10.dat 3887812 8661 0 0
tazer10.dat 275580 8823 0 0
tazer10.dat 17425813 9408 0 0
tazer10.dat 17872895 7998 0 0
tazer10.dat 16882865 7243 0 0
tazer10.dat 18554627 9530 0 0
tazer10.dat 17009211 7403 0 0
tazer10.dat 6338077 8131 0 0
tazer10.dat 14841830 8640 0 0
tazer10.dat 8089046 7603 0 0
tazer10.dat 7693782 9558 0 0
tazer1.dat 512928 8994 0 0
tazer4.dat 475903 7278 0 0
tazer4.dat 1902377 7595 0 0
tazer1.dat 521922 8387 0 0
tazer5.dat 2124440 7692 0 0
tazer5.dat 2132132 9474 0 0
tazer5.dat 2141606 8465 0 0
tazer5.dat 2150071 8357 0 0
tazer10.dat 19916741 9220 0 0
tazer10.dat 12199171 7249 0 0
tazer10.dat 6745286 8380 0 0
tazer10.dat 18930435 7696 0 0
tazer10.dat 17458567 7741 0 0
tazer10.dat 8915104 9162 0 0
tazer10.dat 9723283 8579 0 0
tazer10.dat 65271 8510 0 0
tazer10.dat 4996623 8976 0 0
tazer10.dat 373900 7871 0 0
tazer10.dat 17341590 7733 0 0
tazer10.dat 1420333 8272 0 0
tazer10.dat 891373 8812 0 0
tazer10.dat 19976064 8702 0 0
tazer10.dat 11250343 8443 0 0
tazer10.dat 7224616 7832 0 0
tazer10.dat 11345895 8824 0 0
tazer10.dat 14850470 6984 0 0
tazer10.dat 10202179 7958 0 0
tazer10.dat 10368041 7658 0 0
tazer10.dat 2732040 8517 0 0
tazer10.dat 7139331 8836 0 0
tazer10.dat 3000793 8620 0 0
tazer10.dat 9229664 9101 0 0
tazer10.dat 7514526 7128 0 0
tazer10.dat 11845421 8018 0 0
tazer10.dat 7259000 8667 0 0
tazer10.dat 19790833 8274 0 0
tazer10.dat 9484428 8434 0 0
tazer10.dat 3993130 7985 0 0
tazer10.dat 19369843 9514 0 0
tazer10.dat 15652409 9000 0 0
tazer10.dat 6564864 7955 0 0
tazer10.dat 13529340 7611 0 0
tazer10.dat 15483738 8410 0 0
tazer10.dat 1032739 7692 0 0
tazer10.dat 16595375 8603 0 0
tazer10.dat 16304769 8356 0 0
tazer5.dat 2158428 9415 0 0
tazer5.dat 2167843 9591 0 0
tazer5.dat 2177434 8509 0 0
tazer5.dat 2185943 7660 0 0
tazer1.dat 530309 6681 0 0
tazer4.dat 1600071 7280 0 0
tazer4.dat 1400143 7943 0 0
tazer10.dat 8719716 8478 0 0
tazer10.dat 9000217 8352 0 0
tazer10.dat 17913472 8962 0 0
tazer10.dat 1290892 8050 0 0
tazer10.dat 16097058 8575 0 0
tazer10.dat 7174284 7119 0 0
tazer10.dat 16712947 6620 0 0
tazer10.dat 12928883 7070 0 0
tazer10.dat 3896473 9090 0 0
tazer10.dat 14534452 7271 0 0
tazer10.dat 14201272 8436 0 0
tazer10.dat 482064 7157 0 0
tazer10.dat 5571770 8518 0 0
tazer10.dat 5497391 8851 0 0
tazer10.dat 14372290 7962 0 0
tazer10.dat 1464458 8281 0 0
tazer10.dat 4358169 9088 0 0
tazer10.dat 18358855 9393 0 0
tazer10.dat 1641264 8890 0 0
tazer5.dat 2193603 9464 0 0
tazer5.dat 2203067 7614 0 0
tazer5.dat 2210681 8241 0 0
tazer5.dat 2218922 7157 0 0
tazer1.dat 536990 7559 0 0
tazer4.dat 468911 6992 0 0
tazer4.dat 1942999 6519 0 0
tazer5.dat 2226079 8565 0 0
tazer5.dat 2234644 8497 0 0
tazer5.dat 2243141 9423 0 0
tazer5.dat 2252564 8467 0 0
tazer4.dat 960623 8413 0 0
tazer4.dat 1391507 8636 0 0
tazer10.dat 14927389 7295 0 0
tazer10.dat 8139552 8053 0 0
tazer10.dat 841383 8270 0 0
tazer10.dat 19783233 7600 0 0
tazer10.dat 14193428 7844 0 0
tazer10.dat 6645920 6990 0 0
tazer10.dat 9106573 7831 0 0
tazer10.dat 4816734 8904 0 0
tazer10.dat 7424904 7784 0 0
tazer10.dat 9978764 8968 0 0
tazer10.dat 13572439 7924 0 0
tazer10.dat 2903669 10306 0 0
tazer10.dat 7904927 6897 0 0
tazer10.dat 12374457 7871 0 0
tazer10.dat 14319907 9938 0 0
tazer10.dat 1245599 10712 0 0
tazer10.dat 7068163 8455 0 0
tazer10.dat 6058745 9838 0 0
tazer10.dat 1747997 8427 0 0
tazer1.dat 544549 8179 0 0
tazer4.dat 446157 7752 0 0
tazer4.dat 2174179 8700 0 0
tazer10.dat 8652421 8682 0 0
tazer10.dat 9326289 7590 0 0
tazer10.dat 11950664 8369 0 0
tazer10.dat 5067833 9225 0 0
tazer10.dat 13111987 8594 0 0
tazer10.dat 900185 7512 0 0
tazer10.dat 7620463 8242 0 0
tazer10.dat 19866641 8479 0 0
tazer10.dat 3184120 8174 0 0
tazer10.dat 19808694 8241 0 0
tazer10.dat 4524843 7567 0 0
tazer10.dat 17040649 7973 0 0
tazer10.dat 4713709 7966 0 0
tazer10.dat 13716775 8019 0 0
tazer10.dat 12658407 8323 0 0
tazer10.dat 2598372 8124 0 0
tazer10.dat 15526100 8558 0 0
tazer10.dat 9294607 8075 0 0
tazer10.dat 3024457 9438 0 0
tazer1.dat 552728 8865 0 0
tazer5.dat 2261031 8101 0 0
tazer5.dat 2269132 8662 0 0
tazer5.dat 2277794 9883 0 0
tazer5.dat 2287677 6768 0 0
tazer10.dat 18512661 9585 0 0
tazer10.dat 13756484 8214 0 0
tazer10.dat 16635993 7127 0 0
tazer10.dat 6775766 10205 0 0
tazer10.dat 6422886 7858 0 0
tazer10.dat 15162571 8394 0 0
tazer10.dat 3372369 8369 0 0
tazer10.dat 2358837 8285 0 0
tazer10.dat 10184951 8310 0 0
tazer10.dat 17245397 8842 0 0
tazer10.dat 16272125 7534 0 0
tazer10.dat 1888601 7912 0 0
tazer10.dat 4866004 8444 0 0
tazer10.dat 12968240 7855 0 0
tazer10.dat 6191446 8749 0 0
tazer10.dat 5744394 8754 0 0
tazer10.dat 2017645 8207 0 0
tazer10.dat 15715648 8332 0 0
tazer10.dat 4236130 8161 0 0
tazer4.dat 2785324 10162 0 0
tazer4.dat 1771108 6388 0 0
tazer1.dat 561593 8140 0 0
tazer5.dat 2294445 8854 0 0
tazer5.dat 2303299 7700 0 0
tazer5.dat 2310999 9608 0 0
tazer5.dat 2320607 7935 0 0
tazer1.dat 569733 7090 0 0
tazer10.dat 19141052 9140 0 0
tazer10.dat 6932947 6681 0 0
tazer10.dat 2407675 6380 0 0
tazer10.dat 512632 9880 0 0
tazer10.dat 5897972 9446 0 0
tazer10.dat 10514367 8077 0 0
tazer10.dat 14517174 9290 0 0
tazer10.dat 4858728 7276 0 0
tazer10.dat 6767663 8103 0 0
tazer10.dat 1991753 9770 0 0
tazer10.dat 17466308 9403 0 0
tazer10.dat 16421078 8984 0 0
tazer10.dat 19233954 7976 0 0
tazer10.dat 18779641 8477 0 0
tazer10.dat 15057306 8419 0 0
tazer10.dat 14396701 9820 0 0
tazer10.dat 9148 9285 0 0
tazer10.dat 5361455 6767 0 0
tazer10.dat 17782113 7673 0 0
tazer5.dat 2328542 8205 0 0
tazer5.dat 2336747 7945 0 0
tazer5.dat 2344692 8347 0 0
tazer5.dat 2353039 8058 0 0
tazer4.dat 2743508 9307 0 0
tazer4.dat 2829391 9200 0 0
tazer10.dat 2157749 6872 0 0
tazer10.dat 3727504 8257 0 0
tazer10.dat 2414055 8133 0 0
tazer10.dat 15801047 6383 0 0
tazer10.dat 18441414 7984 0 0
tazer10.dat 489221 7375 0 0
tazer10.dat 2967866 8168 0 0
tazer10.dat 15823609 9031 0 0
tazer10.dat 3624318 8005 0 0
tazer10.dat 18998387 7483 0 0
tazer10.dat 14219120 8887 0 0
tazer10.dat 18913037 8428 0 0
tazer10.dat 14457567 7874 0 0
tazer10.dat 17815991 7691 0 0
tazer10.dat 13824065 7277 0 0
tazer10.dat 2588696 9676 0 0
tazer10.dat 10449192 6171 0 0
tazer10.dat 11713008 7118 0 0
tazer10.dat 381771 9042 0 0
tazer5.dat 2361097 8229 0 0
tazer5.dat 2369326 9511 0 0
tazer5.dat 2378837 8050 0 0
tazer5.dat 2386887 7693 0 0
tazer1.dat 576823 9658 0 0
tazer4.dat 2129960 9530 0 0
tazer4.dat 2335345 9191 0 0
tazer4.dat 1214984 10290 0 0
tazer4.dat 2319410 8080 0 0
tazer10.dat 1096981 8152 0 0
tazer10.dat 9025156 9313 0 0
tazer10.dat 16206489 8178 0 0
tazer10.dat 16704558 8389 0 0
tazer10.dat 16750433 8664 0 0
tazer10.dat 13129094 7780 0 0
tazer10.dat 1142982 8017 0 0
tazer10.dat 10753458 9107 0 0
tazer10.dat 4101219 7999 0 0
tazer10.dat 15509229 8712 0 0
tazer10.dat 19249092 8886 0 0
tazer10.dat 18861662 7918 0 0
tazer10.dat 5085131 7236 0 0
tazer10.dat 16817118 7236 0 0
tazer10.dat 3719534 7970 0 0
tazer10.dat 14057766 6369 0 0
tazer10.dat 7848400 8602 0 0
tazer10.dat 12568589 9048 0 0
tazer10.dat 8265662 7396 0 0
tazer5.dat 2394580 6567 0 0
tazer5.dat 2401147 7180 0 0
tazer5.dat 2408327 7771 0 0
tazer5.dat 2416098 8716 0 0
tazer1.dat 586481 8774 0 0
tazer5.dat 2424814 8388 0 0
tazer5.dat 2433202 8466 0 0
tazer5.dat 2441668 8446 0 0
tazer5.dat 2450114 7615 0 0
tazer4.dat 975786 8932 0 0
tazer4.dat 1184561 7571 0 0
tazer10.dat 2172889 9636 0 0
tazer10.dat 5889180 8792 0 0
tazer10.dat 17316592 7661 0 0
tazer10.dat 6281659 7066 0 0
tazer10.dat 7719819 6242 0 0
tazer10.dat 14857454 9301 0 0
tazer10.dat 14873828 8695 0 0
tazer10.dat 14003378 7198 0 0
tazer10.dat 8025484 8210 0 0
tazer10.dat 2244467 8047 0 0
tazer10.dat 15260417 8198 0 0
tazer10.dat 9869954 8549 0 0
tazer10.dat 12411209 8572 0 0
tazer10.dat 16112973 9027 0 0
tazer10.dat 5147288 8557 0 0
tazer10.dat 13080350 7417 0 0
tazer10.dat 10998432 7119 0 0
tazer10.dat 5353400 8055 0 0
tazer10.dat 8389918 8765 0 0
tazer1.dat 595255 8156 0 0
tazer10.dat 14105184 6187 0 0
tazer10.dat 18812326 7763 0 0
tazer10.dat 15915039 7243 0 0
tazer10.dat 3532812 8393 0 0
tazer10.dat 9058490 8193 0 0
tazer10.dat 13840915 8420 0 0
tazer10.dat 2103354 7843 0 0
tazer10.dat 6021130 8079 0 0
tazer10.dat 9533441 6975 0 0
tazer10.dat 12838543 7836 0 0
tazer10.dat 12107878 7653 0 0
tazer10.dat 18325800 8928 0 0
tazer10.dat 8634026 9388 0 0
tazer10.dat 4891334 7697 0 0
tazer10.dat 19133339 7713 0 0
tazer10.dat 9516461 9323 0 0
tazer10.dat 13038604 10307 0 0
tazer10.dat 16072763 8318 0 0
tazer10.dat 3041512 6686 0 0
tazer4.dat 1698215 7923 0 0
tazer4.dat 1656804 8392 0 0
tazer5.dat 2457729 8329 0 0
tazer5.dat 2466058 9198 0 0
tazer5.dat 2475256 7508 0 0
tazer5.dat 2482764 8693 0 0
tazer1.dat 603411 7569 0 0
tazer5.dat 2491457 7512 0 0
tazer5.dat 2498969 8523 0 0
tazer5.dat 2507492 9137 0 0
tazer5.dat 2516629 7712 0 0
tazer4.dat 1501942 8329 0 0
tazer4.dat 2929238 10037 0 0
tazer1.dat 610980 7651 0 0
tazer10.dat 663040 5601 0 0
tazer10.dat 8532010 8043 0 0
tazer10.dat 12240844 8560 0 0
tazer10.dat 7857002 7733 0 0
tazer10.dat 18449398 7265 0 0
tazer10.dat 3826534 8378 0 0
tazer10.dat 17626824 8965 0 0
tazer10.dat 17136897 8981 0 0
tazer10.dat 17114685 7888 0 0
tazer10.dat 7652588 7306 0 0
tazer10.dat 11744316 8914 0 0
tazer10.dat 1192338 7144 0 0
tazer10.dat 18772051 7590 0 0
tazer10.dat 12627395 8225 0 0
tazer10.dat 5248224 7620 0 0
tazer10.dat 11649363 9187 0 0
tazer10.dat 13402137 9124 0 0
tazer10.dat 5522461 7982 0 0
tazer10.dat 966030 8400 0 0
tazer5.dat 2524341 6662 0 0
tazer5.dat 2531003 8923 0 0
tazer5.dat 2539926 9123 0 0
tazer5.dat 2549049 8384 0 0
tazer1.dat 618631 6945 0 0
tazer4.dat 105158 8244 0 0
tazer4.dat 1408086 8815 0 0
tazer10.dat 5760096 8099 0 0
tazer10.dat 4753030 6266 0 0
tazer10.dat 15791938 9109 0 0
tazer10.dat 6793785 8878 0 0
tazer10.dat 9366327 9375 0 0
tazer10.dat 18963928 8226 0 0
tazer10.dat 4472003 9896 0 0
tazer10.dat 16509487 7055 0 0
tazer10.dat 8693585 8676 0 0
tazer10.dat 8049552 9001 0 0
tazer10.dat 11298488 8194 0 0
tazer10.dat 13606838 9388 0 0
tazer10.dat 347967 8126 0 0
tazer10.dat 3397124 6813 0 0
tazer10.dat 8983963 7826 0 0
tazer10.dat 14598060 8586 0 0
tazer10.dat 267550 8030 0 0
tazer10.dat 4186119 7752 0 0
tazer10.dat 2960108 7758 0 0
tazer5.dat 2557433 6993 0 0
tazer5.dat 2564426 8110 0 0
tazer5.dat 2572536 7684 0 0
tazer5.dat 2580220 9113 0 0
tazer1.dat 625576 9090 0 0
tazer4.dat 648977 7369 0 0
tazer4.dat 2163984 10195 0 0
tazer10.dat 4946585 8053 0 0
tazer10.dat 16240423 8208 0 0
tazer10.dat 8157336 9151 0 0
tazer10.dat 2042287 8414 0 0
tazer10.dat 19857469 9172 0 0
tazer10.dat 1798827 8674 0 0
tazer10.dat 17056328 8502 0 0
tazer10.dat 4566687 6687 0 0
tazer10.dat 12483936 8800 0 0
tazer10.dat 10129238 9268 0 0
tazer10.dat 19005870 7937 0 0
tazer10.dat 13970424 7805 0 0
tazer10.dat 18301879 8607 0 0
tazer10.dat 11175707 8123 0 0
tazer10.dat 834063 7320 0 0
tazer10.dat 5630726 10218 0 0
tazer10.dat 4349151 9018 0 0
tazer10.dat 4775681 7910 0 0
tazer10.dat 817367 8531 0 0
tazer4.dat 201270 7832 0 0
tazer4.dat 1168387 7929 0 0
tazer1.dat 634666 6930 0 0
tazer5.dat 2589333 8308 0 0
tazer5.dat 2597641 6705 0 0
tazer5.dat 2604346 8277 0 0
tazer5.dat 2612623 9570 0 0
tazer10.dat 4556718 9969 0 0
tazer10.dat 5230813 9086 0 0
tazer10.dat 7205371 9487 0 0
tazer10.dat 16436845 9734 0 0
tazer10.dat 12895381 8685 0 0
tazer10.dat 14311208 8699 0 0
tazer10.dat 7391302 9027 0 0
tazer10.dat 466203 8330 0 0
tazer10.dat 13007586 7833 0 0
tazer10.dat 5622098 8628 0 0
tazer10.dat 18383476 8477 0 0
tazer10.dat 3856969 6735 0 0
tazer10.dat 11727582 7306 0 0
tazer10.dat 14566209 8054 0 0
tazer10.dat 3541205 9070 0 0
tazer10.dat 18522246 8137 0 0
tazer10.dat 8175318 7965 0 0
tazer10.dat 1840237 8577 0 0
tazer10.dat 2953402 6706 0 0
tazer5.dat 2622193 7781 0 0
tazer5.dat 2629974 8674 0 0
tazer5.dat 2638648 8498 0 0
tazer5.dat 2647146 9218 0 0
tazer4.dat 2997405 7666 0 0
tazer4.dat 2279947 8309 0 0
tazer10.dat 2149797 7952 0 0
tazer10.dat 13064338 7988 0 0
tazer10.dat 18376397 7079 0 0
tazer10.dat 3943459 8352 0 0
tazer10.dat 306562 7164 0 0
tazer10.dat 9008569 8370 0 0
tazer10.dat 19747244 9600 0 0
tazer10.dat 8942096 8237 0 0
tazer10.dat 18318663 7137 0 0
tazer10.dat 865631 7738 0 0
tazer10.dat 11967954 7067 0 0
tazer10.dat 15890049 8448 0 0
tazer10.dat 18530383 8194 0 0
tazer10.dat 6631561 6851 0 0
tazer10.dat 13831342 9573 0 0
tazer10.dat 17263549 7591 0 0
tazer10.dat 15145646 8908 0 0
tazer10.dat 17032233 8416 0 0
tazer10.dat 15634207 8819 0 0
tazer1.dat 641596 7904 0 0
tazer10.dat 6580604 8652 0 0
tazer10.dat 4151256 8317 0 0
tazer10.dat 11432256 7499 0 0
tazer10.dat 6866763 8606 0 0
tazer10.dat 194375 6951 0 0
tazer10.dat 17807569 8422 0 0
tazer10.dat 14976724 8008 0 0
tazer10.dat 10271777 7490 0 0
tazer10.dat 16991485 9401 0 0
tazer10.dat 18828543 7864 0 0
tazer10.dat 5562765 9005 0 0
tazer10.dat 13209217 7444 0 0
tazer10.dat 3712222 7312 0 0
tazer10.dat 5139323 7965 0 0
tazer10.dat 13273159 5693 0 0
tazer10.dat 12822474 8866 0 0
tazer10.dat 12644196 7200 0 0
tazer10.dat 19535369 7707 0 0
tazer10.dat 13961997 8427 0 0
tazer4.dat 1715029 7294 0 0
tazer4.dat 1909972 8566 0 0
tazer1.dat 649500 7296 0 0
tazer5.dat 2656364 9145 0 0
tazer5.dat 2665509 8147 0 0
tazer5.dat 2673656 7331 0 0
tazer5.dat 2680987 7372 0 0
tazer1.dat 656796 9001 0 0
tazer10.dat 19883812 9106 0 0
tazer10.dat 3566526 8400 0 0
tazer10.dat 17197171 8128 0 0
tazer10.dat 14017045 8737 0 0
tazer10.dat 3293900 8033 0 0
tazer10.dat 11466529 7538 0 0
tazer10.dat 2260807 8050 0 0
tazer10.dat 5164884 8525 0 0
tazer10.dat 622551 7364 0 0
tazer10.dat 19282390 6704 0 0
tazer10.dat 18462828 7759 0 0
tazer10.dat 14135876 7002 0 0
tazer10.dat 8130753 8799 0 0
tazer10.dat 9464103 10206 0 0
tazer10.dat 2713527 9391 0 0
tazer10.dat 6953517 7473 0 0
tazer10.dat 15857158 8497 0 0
tazer10.dat 11876945 8176 0 0
tazer10.dat 15881824 8225 0 0
tazer4.dat 1706138 8891 0 0
tazer4.dat 242647 7632 0 0
tazer5.dat 2688359 8618 0 0
tazer5.dat 2696977 8211 0 0
tazer5.dat 2705188 10162 0 0
tazer5.dat 2715350 8850 0 0
tazer10.dat 7181403 6766 0 0
tazer10.dat 5963557 9778 0 0
tazer10.dat 1371083 8589 0 0
tazer10.dat 18205101 8799 0 0
tazer10.dat 3444753 7362 0 0
tazer10.dat 19875120 8692 0 0
tazer10.dat 17595868 8190 0 0
tazer10.dat 15964969 7671 0 0
tazer10.dat 5451937 8005 0 0
tazer10.dat 10672536 7587 0 0
tazer10.dat 1871523 8161 0 0
tazer10.dat 10062409 8570 0 0
tazer10.dat 709575 8709 0 0
tazer10.dat 16944806 6758 0 0
tazer10.dat 12314272 9089 0 0
tazer10.dat 12691476 8535 0 0
tazer10.dat 16484080 8490 0 0
tazer10.dat 8476296 9182 0 0
tazer10.dat 8499955 8622 0 0
tazer4.dat 1361539 7673 0 0
tazer4.dat 631314 8726 0 0
tazer5.dat 2724200 6998 0 0
tazer5.dat 2731198 8494 0 0
tazer5.dat 2739692 8705 0 0
tazer5.dat 2748397 8608 0 0
tazer1.dat 665797 10087 0 0
tazer4.dat 136376 8604 0 0
tazer4.dat 2795486 8031 0 0
tazer10.dat 12263406 7807 0 0
tazer10.dat 18504657 8004 0 0
tazer10.dat 14934684 8744 0 0
tazer10.dat 16735822 7317 0 0
tazer10.dat 6939628 7030 0 0
tazer10.dat 339749 8218 0 0
tazer10.dat 11337499 8396 0 0
tazer10.dat 13344295 8400 0 0
tazer10.dat 17187177 9994 0 0
tazer10.dat 6661562 7693 0 0
tazer10.dat 6274403 7256 0 0
tazer10.dat 9319476 6813 0 0
tazer10.dat 17390387 8092 0 0
tazer10.dat 18538577 8175 0 0
tazer10.dat 15972640 7886 0 0
tazer10.dat 4841803 9041 0 0
tazer10.dat 12731807 8336 0 0
tazer10.dat 1073744 7897 0 0
tazer10.dat 15343949 8208 0 0
tazer1.dat 675884 8379 0 0
tazer5.dat 2757005 8333 0 0
tazer5.dat 2765338 7136 0 0
tazer5.dat 2772474 9285 0 0
tazer5.dat 2781759 7808 0 0
tazer10.dat 2383612 9070 0 0
tazer10.dat 8326302 7812 0 0
tazer10.dat 15228435 8126 0 0
tazer10.dat 7107749 7901 0 0
tazer10.dat 6296536 7979 0 0
tazer10.dat 6512431 6840 0 0
tazer10.dat 12084168 8305 0 0
tazer10.dat 15017125 8475 0 0
tazer10.dat 974430 7192 0 0
tazer10.dat 9474309 10119 0 0
tazer10.dat 13000255 7331 0 0
tazer10.dat 18677811 8880 0 0
tazer10.dat 3261952 8058 0 0
tazer10.dat 6149605 8882 0 0
tazer10.dat 17948082 8380 0 0
tazer10.dat 10940546 8446 0 0
tazer10.dat 6446288 7492 0 0
tazer10.dat 5029165 8012 0 0
tazer10.dat 9154561 8880 0 0
tazer5.dat 2789567 9372 0 0
tazer5.dat 2798939 7481 0 0
tazer5.dat 2806420 6928 0 0
tazer5.dat 2813348 8205 0 0
tazer4.dat 323107 6734 0 0
tazer4.dat 605508 7984 0 0
tazer1.dat 684263 7776 0 0
tazer4.dat 113402 7160 0 0
tazer4.dat 1439336 7145 0 0
tazer10.dat 13461844 8575 0 0
tazer10.dat 8073789 7117 0 0
tazer10.dat 11753230 8857 0 0
tazer10.dat 176924 7727 0 0
tazer10.dat 18011939 7688 0 0
tazer10.dat 90046 9086 0 0
tazer10.dat 5401822 8623 0 0
tazer10.dat 8883175 9468 0 0
tazer10.dat 8907643 7461 0 0
tazer10.dat 8508577 7340 0 0
tazer10.dat 7415619 9285 0 0
tazer10.dat 7750094 8432 0 0
tazer10.dat 4661697 9621 0 0
tazer10.dat 11448673 8494 0 0
tazer10.dat 5547328 7978 0 0
tazer10.dat 7586504 8757 0 0
tazer10.dat 3582872 8578 0 0
tazer10.dat 11861852 8179 0 0
tazer10.dat 1133909 9073 0 0
tazer5.dat 2821553 6956 0 0
tazer5.dat 2828509 7906 0 0
tazer5.dat 2836415 8546 0 0
tazer5.dat 2844961 7650 0 0
tazer1.dat 692039 9780 0 0
tazer1.dat 701819 7199 0 0
tazer5.dat 2852611 7911 0 0
tazer5.dat 2860522 8024 0 0
tazer5.dat 2868546 8507 0 0
tazer5.dat 2877053 7778 0 0
tazer10.dat 16976067 7186 0 0
tazer10.dat 683899 7794 0 0
tazer10.dat 2814373 7838 0 0
tazer10.dat 13782089 7675 0 0
tazer10.dat 13216661 9868 0 0
tazer10.dat 15080729 8051 0 0
tazer10.dat 3237215 8942 0 0
tazer10.dat 313726 7768 0 0
tazer10.dat 8661103 7375 0 0
tazer10.dat 3616683 7635 0 0
tazer10.dat 1354836 7512 0 0
tazer10.dat 18788118 8893 0 0
tazer10.dat 6858418 8345 0 0
tazer10.dat 7232448 7928 0 0
tazer10.dat 3421467 7855 0 0
tazer10.dat 13849335 7454 0 0
tazer10.dat 1488242 9428 0 0
tazer10.dat 17905697 7775 0 0
tazer10.dat 12984217 8133 0 0
tazer4.dat 992998 7941 0 0
tazer4.dat 483181 8506 0 0
tazer5.dat 2884831 7997 0 0
tazer5.dat 2892828 9954 0 0
tazer5.dat 2902782 6280 0 0
tazer5.dat 2909062 8863 0 0
tazer1.dat 709018 9044 0 0
tazer10.dat 11306682 7195 0 0
tazer10.dat 1930481 7936 0 0
tazer10.dat 4899031 8118 0 0
tazer10.dat 13773302 8787 0 0
tazer10.dat 5021369 7796 0 0
tazer10.dat 4384055 7097 0 0
tazer10.dat 390813 8190 0 0
tazer10.dat 11141518 8126 0 0
tazer10.dat 5122432 8153 0 0
tazer10.dat 6225129 8355 0 0
tazer10.dat 3591450 7975 0 0
tazer10.dat 12502360 7510 0 0
tazer10.dat 16627602 8391 0 0
tazer10.dat 14765316 6231 0 0
tazer10.dat 18123946 7541 0 0
tazer10.dat 17526530 8460 0 0
tazer10.dat 5697768 7866 0 0
tazer10.dat 5872997 7941 0 0
tazer10.dat 18797011 6417 0 0
tazer4.dat 841029 8939 0 0
tazer4.dat 1980924 8154 0 0
tazer10.dat 16467978 7705 0 0
tazer10.dat 4018513 9148 0 0
tazer10.dat 17922434 8575 0 0
tazer10.dat 2681292 8233 0 0
tazer10.dat 6175553 7378 0 0
tazer10.dat 33110 7749 0 0
tazer10.dat 2993952 6841 0 0
tazer10.dat 19968249 7815 0 0
tazer10.dat 5649791 7077 0 0
tazer10.dat 15000636 8069 0 0
tazer10.dat 15285557 8203 0 0
tazer10.dat 9390387 8450 0 0
tazer10.dat 18820089 8454 0 0
tazer10.dat 9092523 6209 0 0
tazer10.dat 5436110 8180 0 0
tazer10.dat 17832250 8400 0 0
tazer10.dat 15756978 7920 0 0
tazer10.dat 9852811 8834 0 0
tazer10.dat 947680 8663 0 0
tazer5.dat 2917925 8855 0 0
tazer5.dat 2926780 9085 0 0
tazer5.dat 2935865 7486 0 0
tazer5.dat 2943351 8478 0 0
tazer4.dat 338049 7564 0 0
tazer4.dat 715717 8335 0 0
tazer1.dat 718062 7798 0 0
tazer1.dat 725860 8710 0 0
tazer10.dat 12066283 9569 0 0
tazer10.dat 13512523 6923 0 0
tazer10.dat 19667602 6901 0 0
tazer10.dat 10697404 8324 0 0
tazer10.dat 1450485 7516 0 0
tazer10.dat 4253600 7638 0 0
tazer10.dat 5044454 7459 0 0
tazer10.dat 1306438 8078 0 0
tazer10.dat 16959385 8124 0 0
tazer10.dat 13305229 7388 0 0
tazer10.dat 16045651 9685 0 0
tazer10.dat 8446211 8788 0 0
tazer10.dat 4809272 7462 0 0
tazer10.dat 16611417 7939 0 0
tazer10.dat 4124664 9612 0 0
tazer10.dat 9238765 7920 0 0
tazer10.dat 11514603 8157 0 0
tazer10.dat 16832596 8176 0 0
tazer10.dat 504420 8212 0 0
tazer5.dat 2951829 8261 0 0
tazer5.dat 2960090 7701 0 0
tazer5.dat 2967791 8069 0 0
tazer5.dat 2975860 8303 0 0
tazer4.dat 2029826 7801 0 0
tazer4.dat 2397320 7259 0 0
tazer4.dat 943831 9383 0 0
tazer4.dat 1249606 8561 0 0
tazer10.dat 13087767 7560 0 0
tazer10.dat 18019627 7215 0 0
tazer10.dat 14866755 7073 0 0
tazer10.dat 5255844 8234 0 0
tazer10.dat 17236806 8591 0 0
tazer10.dat 13200750 8467 0 0
tazer10.dat 13360812 8758 0 0
tazer10.dat 14448692 8875 0 0
tazer10.dat 14186302 7126 0 0
tazer10.dat 19070869 8317 0 0
tazer10.dat 14279818 8058 0 0
tazer10.dat 18729816 9220 0 0
tazer10.dat 15625710 8497 0 0
tazer10.dat 825898 8165 0 0
tazer10.dat 15378269 8527 0 0
tazer10.dat 15476213 7525 0 0
tazer10.dat 16492570 7946 0 0
tazer10.dat 4168358 9082 0 0
tazer10.dat 3977549 7534 0 0
tazer5.dat 2984163 8399 0 0
tazer5.dat 2992562 7932 0 0
tazer5.dat 3000494 8391 0 0
tazer5.dat 3008885 9334 0 0
tazer1.dat 734570 6372 0 0
tazer5.dat 3018219 7589 0 0
tazer5.dat 3025808 8836 0 0
tazer5.dat 3034644 8332 0 0
tazer5.dat 3042976 8045 0 0
tazer4.dat 590678 7458 0 0
tazer4.dat 2094623 10564 0 0
tazer10.dat 17415901 9912 0 0
tazer10.dat 10045747 9017 0 0
tazer10.dat 2689525 8948 0 0
tazer10.dat 6043433 7311 0 0
tazer10.dat 17699000 9377 0 0
tazer10.dat 2301615 7492 0 0
tazer10.dat 12140061 7763 0 0
tazer10.dat 7076618 7616 0 0
tazer10.dat 8273058 8514 0 0
tazer10.dat 4705561 8148 0 0
tazer10.dat 18604260 8019 0 0
tazer10.dat 16037524 8127 0 0
tazer10.dat 3880558 7254 0 0
tazer10.dat 15683518 7363 0 0
tazer10.dat 3151157 8168 0 0
tazer10.dat 5514615 7846 0 0
tazer10.dat 10762565 7302 0 0
tazer10.dat 13242773 7979 0 0
tazer10.dat 10522444 8331 0 0
tazer1.dat 740942 7733 0 0
tazer4.dat 1486512 7617 0 0
tazer4.dat 1416901 6683 0 0
tazer1.dat 748675 8176 0 0
tazer5.dat 3051021 9494 0 0
tazer5.dat 3060515 8215 0 0
tazer5.dat 3068730 8277 0 0
tazer5.dat 3077007 8170 0 0
tazer10.dat 3340430 7945 0 0
tazer10.dat 16454569 7524 0 0
tazer10.dat 6125123 8325 0 0
tazer10.dat 5664182 8463 0 0
tazer10.dat 6526544 7319 0 0
tazer10.dat 11457167 9362 0 0
tazer10.dat 6825420 7851 0 0
tazer10.dat 11013051 6684 0 0
tazer10.dat 10111049 8638 0 0
tazer10.dat 10138506 7613 0 0
tazer10.dat 16867445 7617 0 0
tazer10.dat 7084234 8199 0 0
tazer10.dat 15517941 8159 0 0
tazer10.dat 17708377 8890 0 0
tazer10.dat 11901415 8946 0 0
tazer10.dat 9163441 8363 0 0
tazer10.dat 16658096 6022 0 0
tazer10.dat 5306728 6125 0 0
tazer10.dat 4922509 7954 0 0
tazer10.dat 1732267 8435 0 0
tazer10.dat 18588672 7669 0 0
tazer10.dat 8461730 7476 0 0
tazer10.dat 7919196 8244 0 0
tazer10.dat 19901244 6498 0 0
tazer10.dat 17280975 8771 0 0
tazer10.dat 14622570 8411 0 0
tazer10.dat 7100072 7677 0 0
tazer10.dat 10506867 7500 0 0
tazer10.dat 8752876 9945 0 0
tazer10.dat 8380707 9211 0 0
tazer10.dat 1961589 8310 0 0
tazer10.dat 19094512 7239 0 0
tazer10.dat 11975021 7164 0 0
tazer10.dat 10923721 8169 0 0
tazer10.dat 3574926 7946 0 0
tazer10.dat 1458001 6457 0 0
tazer10.dat 18803428 8898 0 0
tazer10.dat 7132260 7071 0 0
tazer5.dat 3085177 7487 0 0
tazer5.dat 3092664 7958 0 0
tazer5.dat 3100622 6920 0 0
tazer5.dat 3107542 9385 0 0
tazer1.dat 756851 8044 0 0
tazer4.dat 2044613 9190 0 0
tazer4.dat 2617185 9309 0 0
tazer4.dat 927536 8766 0 0
tazer4.dat 2682732 7773 0 0
tazer10.dat 17931009 8666 0 0
tazer10.dat 3760243 8455 0 0
tazer10.dat 10013661 7924 0 0
tazer10.dat 7995290 8762 0 0
tazer10.dat 17545186 9184 0 0
tazer10.dat 19477269 8279 0 0
tazer10.dat 12223789 8624 0 0
tazer10.dat 14701407 9602 0 0
tazer10.dat 6438494 7794 0 0
tazer10.dat 11720126 7456 0 0
tazer10.dat 8744671 8205 0 0
tazer10.dat 16296767 8002 0 0
tazer10.dat 6968586 8040 0 0
tazer10.dat 4481899 8796 0 0
tazer10.dat 19559994 7563 0 0
tazer10.dat 15327300 8320 0 0
tazer10.dat 2572885 8947 0 0
tazer10.dat 1199482 8205 0 0
tazer10.dat 15849934 7224 0 0
tazer5.dat 3116927 9634 0 0
tazer5.dat 3126561 7688 0 0
tazer5.dat 3134249 7828 0 0
tazer5.dat 3142077 7310 0 0
tazer1.dat 764895 8926 0 0
tazer10.dat 15195380 8354 0 0
tazer10.dat 17484577 7824 0 0
tazer10.dat 16019815 8989 0 0
tazer10.dat 6716334 7748 0 0
tazer10.dat 12190850 8321 0 0
tazer10.dat 12298403 8025 0 0
tazer10.dat 10441665 7527 0 0
tazer10.dat 16214667 8522 0 0
tazer10.dat 10880293 8596 0 0
tazer10.dat 1006953 7882 0 0
tazer10.dat 3286212 7688 0 0
tazer10.dat 8065867 7922 0 0
tazer10.dat 150731 8857 0 0
tazer10.dat 13732466 8316 0 0
tazer10.dat 13419473 8794 0 0
tazer10.dat 184651 9724 0 0
tazer10.dat 15040787 8409 0 0
tazer10.dat 11320460 7813 0 0
tazer10.dat 11117135 8675 0 0
tazer5.dat 3149387 7465 0 0
tazer5.dat 3156852 8786 0 0
tazer5.dat 3165638 6876 0 0
tazer5.dat 3172514 8718 0 0
tazer1.dat 773821 8123 0 0
tazer4.dat 1510271 7679 0 0
tazer4.dat 656346 8268 0 0
tazer10.dat 168359 8565 0 0
tazer10.dat 12215468 8321 0 0
tazer10.dat 1230930 7519 0 0
tazer10.dat 11218799 6576 0 0
tazer10.dat 19324339 6792 0 0
tazer10.dat 9302682 7927 0 0
tazer10.dat 9609533 7546 0 0
tazer10.dat 8867470 7498 0 0
tazer10.dat 16801443 7424 0 0
tazer10.dat 12789819 7805 0 0
tazer10.dat 2127011 7705 0 0
tazer10.dat 7312966 6556 0 0
tazer10.dat 14142878 8635 0 0
tazer10.dat 19999772 8674 0 0
tazer10.dat 8643414 9007 0 0
tazer10.dat 10553535 8358 0 0
tazer10.dat 16190761 8230 0 0
tazer10.dat 2829718 7085 0 0
tazer10.dat 4971859 8458 0 0
tazer5.dat 3181232 8658 0 0
tazer5.dat 3189890 8304 0 0
tazer5.dat 3198194 8170 0 0
tazer5.dat 3206364 8367 0 0
tazer1.dat 781944 8313 0 0
tazer4.dat 673135 8198 0 0
tazer4.dat 1192132 7924 0 0
tazer1.dat 790257 9239 0 0
tazer10.dat 19362558 7285 0 0
tazer10.dat 17271140 9835 0 0
tazer10.dat 9349964 6906 0 0
tazer10.dat 553370 7282 0 0
tazer10.dat 12123399 7815 0 0
tazer10.dat 12049463 8561 0 0
tazer10.dat 6785971 7814 0 0
tazer10.dat 4433591 7564 0 0
tazer10.dat 15128215 7874 0 0
tazer10.dat 7050972 7785 0 0
tazer10.dat 13265306 7853 0 0
tazer10.dat 2219886 7596 0 0
tazer10.dat 4653835 7862 0 0
tazer10.dat 4279334 7689 0 0
tazer10.dat 18139285 8400 0 0
tazer10.dat 8011646 7518 0 0
tazer10.dat 9382747 7640 0 0
tazer10.dat 19079186 7322 0 0
tazer10.dat 13938589 6786 0 0
tazer5.dat 3214731 7687 0 0
tazer5.dat 3222418 7249 0 0
tazer5.dat 3229667 7971 0 0
tazer5.dat 3237638 8618 0 0
tazer4.dat 1463772 7217 0 0
tazer4.dat 216916 8999 0 0
tazer1.dat 799496 7357 0 0
tazer5.dat 3246256 7312 0 0
tazer5.dat 3253568 7919 0 0
tazer5.dat 3261487 9199 0 0
tazer5.dat 3270686 7671 0 0
tazer10.dat 3210457 9815 0 0
tazer10.dat 9772812 7019 0 0
tazer10.dat 16533131 7051 0 0
tazer10.dat 1554961 8116 0 0
tazer10.dat 15617956 7754 0 0
tazer10.dat 11084715 7313 0 0
tazer10.dat 13102174 9813 0 0
tazer10.dat 10619399 7996 0 0
tazer10.dat 1540333 6258 0 0
tazer10.dat 5393077 8745 0 0
tazer10.dat 5106574 7816 0 0
tazer10.dat 17475711 8866 0 0
tazer10.dat 3469684 8140 0 0
tazer10.dat 7327613 9251 0 0
tazer10.dat 13328499 7294 0 0
tazer10.dat 17098393 8397 0 0
tazer10.dat 17024540 7693 0 0
tazer10.dat 5490030 7361 0 0
tazer10.dat 7473365 7729 0 0
tazer4.dat 2600759 8955 0 0
tazer4.dat 2838591 8454 0 0
tazer4.dat 120562 7578 0 0
tazer4.dat 1206846 8138 0 0
tazer1.dat 806853 8021 0 0
tazer5.dat 3278357 9515 0 0
tazer5.dat 3287872 8766 0 0
tazer5.dat 3296638 7662 0 0
tazer5.dat 3304300 8079 0 0
tazer10.dat 3119497 6826 0 0
tazer10.dat 13764698 8604 0 0
tazer10.dat 16248631 7016 0 0
tazer10.dat 5214126 8365 0 0
tazer10.dat 8625464 8562 0 0
tazer10.dat 6400839 7242 0 0
tazer10.dat 14653658 9626 0 0
tazer10.dat 10871679 8614 0 0
tazer10.dat 14010576 6469 0 0
tazer10.dat 10489160 8601 0 0
tazer10.dat 19642357 8161 0 0
tazer10.dat 11398932 7666 0 0
tazer10.dat 13899104 7274 0 0
tazer10.dat 9788137 7350 0 0
tazer10.dat 12666730 8035 0 0
tazer10.dat 14346028 8704 0 0
tazer10.dat 15543240 9191 0 0
tazer10.dat 14526464 7988 0 0
tazer10.dat 14095235 9949 0 0
tazer1.dat 814874 8963 0 0
tazer10.dat 15033616 7171 0 0
tazer10.dat 2749143 7426 0 0
tazer10.dat 19574996 9249 0 0
tazer10.dat 1118942 7222 0 0
tazer10.dat 7505446 9080 0 0
tazer10.dat 19730281 7983 0 0
tazer10.dat 15586159 9079 0 0
tazer10.dat 14465441 9052 0 0
tazer10.dat 321494 9377 0 0
tazer10.dat 4874448 7080 0 0
tazer10.dat 13880874 8998 0 0
tazer10.dat 16967509 8558 0 0
tazer10.dat 13678362 7259 0 0
tazer10.dat 3017453 7004 0 0
tazer10.dat 15723980 8647 0 0
tazer10.dat 3111687 7810 0 0
tazer10.dat 9439887 9106 0 0
tazer10.dat 18853557 8105 0 0
tazer10.dat 10351096 7478 0 0
tazer4.dat 259518 8582 0 0
tazer4.dat 47906 8283 0 0
tazer5.dat 3312379 8624 0 0
tazer5.dat 3321003 9206 0 0
tazer5.dat 3330209 7580 0 0
tazer5.dat 3337789 7440 0 0
tazer10.dat 15807430 7619 0 0
tazer10.dat 17179326 7851 0 0
tazer10.dat 11283366 7723 0 0
tazer10.dat 12715787 7148 0 0
tazer10.dat 14671297 7764 0 0
tazer10.dat 290851 8133 0 0
tazer10.dat 1969899 6387 0 0
tazer10.dat 6496146 8245 0 0
tazer10.dat 2534685 7606 0 0
tazer10.dat 6242156 8771 0 0
tazer10.dat 7359825 6678 0 0
tazer10.dat 16679656 8723 0 0
tazer10.dat 12397358 6807 0 0
tazer10.dat 2318234 7340 0 0
tazer10.dat 18621010 8261 0 0
tazer10.dat 13929950 8639 0 0
tazer10.dat 1168836 8074 0 0
tazer10.dat 14119421 7919 0 0
tazer10.dat 9407755 7068 0 0
tazer5.dat 3345229 8849 0 0
tazer5.dat 3354078 7557 0 0
tazer5.dat 3361635 7672 0 0
tazer5.dat 3369307 8138 0 0
tazer1.dat 823837 8713 0 0
tazer4.dat 144980 8607 0 0
tazer4.dat 2973521 7863 0 0
tazer10.dat 14160013 9193 0 0
tazer10.dat 19165983 10705 0 0
tazer10.dat 1346458 8378 0 0
tazer10.dat 2286547 7682 0 0
tazer10.dat 17450026 8541 0 0
tazer10.dat 11809016 9811 0 0
tazer10.dat 19658960 8642 0 0
tazer10.dat 7766668 6512 0 0
tazer10.dat 6328775 9302 0 0
tazer10.dat 16897557 8362 0 0
tazer10.dat 14500696 7995 0 0
tazer10.dat 764371 9191 0 0
tazer10.dat 16377856 8462 0 0
tazer10.dat 6707768 8566 0 0
tazer10.dat 1563077 7747 0 0
tazer10.dat 7659894 8430 0 0
tazer10.dat 10329154 6495 0 0
tazer10.dat 16338209 7821 0 0
tazer10.dat 15610960 6996 0 0
tazer5.dat 3377445 8189 0 0
tazer5.dat 3385634 8733 0 0
tazer5.dat 3394367 9574 0 0
tazer5.dat 3403941 7901 0 0
tazer4.dat 491687 8403 0 0
tazer4.dat 2080210 7253 0 0
tazer1.dat 832550 7057 0 0
tazer1.dat 839607 7963 0 0
tazer5.dat 3411842 9595 0 0
tazer5.dat 3421437 8031 0 0
tazer5.dat 3429468 8948 0 0
tazer5.dat 3438416 8301 0 0
tazer4.dat 1109444 8437 0 0
tazer4.dat 2182879 8734 0 0
tazer10.dat 17357594 6751 0 0
tazer10.dat 1807501 6880 0 0
tazer10.dat 19217540 8607 0 0
tazer10.dat 7611332 9131 0 0
tazer10.dat 14287876 8030 0 0
tazer10.dat 17848472 6387 0 0
tazer10.dat 227071 9106 0 0
tazer10.dat 16540182 8956 0 0
tazer10.dat 14049061 8705 0 0
tazer10.dat 8231541 7837 0 0
tazer10.dat 8834613 7519 0 0
tazer10.dat 7267667 9292 0 0
tazer10.dat 18407727 8088 0 0
tazer10.dat 10320395 8759 0 0
tazer10.dat 14630981 7377 0 0
tazer10.dat 18653701 8027 0 0
tazer10.dat 432527 8323 0 0
tazer10.dat 19633988 8369 0 0
tazer10.dat 13616226 7980 0 0
tazer4.dat 1792239 7028 0 0
tazer4.dat 724052 7423 0 0
tazer5.dat 3446717 8889 0 0
tazer5.dat 3455606 7612 0 0
tazer5.dat 3463218 9133 0 0
tazer5.dat 3472351 6358 0 0
tazer1.dat 847570 7923 0 0
tazer10.dat 10663510 9026 0 0
tazer10.dat 10383781 8306 0 0
tazer10.dat 529966 8710 0 0
tazer10.dat 17153810 7830 0 0
tazer10.dat 3364228 8141 0 0
tazer10.dat 19799107 9587 0 0
tazer10.dat 6109685 8337 0 0
tazer10.dat 8317360 8942 0 0
tazer10.dat 16562288 8434 0 0
tazer10.dat 1314516 8848 0 0
tazer10.dat 8303430 5760 0 0
tazer10.dat 6597468 9981 0 0
tazer10.dat 10793426 8655 0 0
tazer10.dat 3967461 10088 0 0
tazer10.dat 5468054 6596 0 0
tazer10.dat 15922282 8827 0 0
tazer10.dat 15661409 6131 0 0
tazer10.dat 19840280 8668 0 0
tazer10.dat 9837119 8218 0 0
tazer4.dat 1665196 7258 0 0
tazer4.dat 33001 7431 0 0
tazer5.dat 3478709 8004 0 0
tazer5.dat 3486713 7323 0 0
tazer5.dat 3494036 7947 0 0
tazer5.dat 3501983 7479 0 0
tazer10.dat 19201834 7454 0 0
tazer10.dat 16782848 9237 0 0
tazer10.dat 1772770 9868 0 0
tazer10.dat 8004052 7594 0 0
tazer10.dat 7677691 6998 0 0
tazer10.dat 956343 9687 0 0
tazer10.dat 17691786 7214 0 0
tazer10.dat 11100167 8983 0 0
tazer10.dat 4084787 6921 0 0
tazer10.dat 2325574 8373 0 0
tazer10.dat 252585 7135 0 0
tazer10.dat 13369570 9156 0 0
tazer10.dat 3951811 7443 0 0
tazer10.dat 19510289 8760 0 0
tazer10.dat 5189911 7725 0 0
tazer10.dat 3485483 8117 0 0
tazer10.dat 8802767 8419 0 0
tazer10.dat 7058757 9406 0 0
tazer10.dat 4332158 10073 0 0
tazer1.dat 855493 9879 0 0
tazer1.dat 865372 8542 0 0
tazer10.dat 4001115 8585 0 0
tazer10.dat 2648731 7655 0 0
tazer10.dat 11505786 8817 0 0
tazer10.dat 12014004 8474 0 0
tazer10.dat 3254445 7507 0 0
tazer10.dat 6182931 8515 0 0
tazer10.dat 5947458 8507 0 0
tazer10.dat 16064168 8595 0 0
tazer10.dat 19418501 9405 0 0
tazer10.dat 5114390 8042 0 0
tazer10.dat 11092028 8139 0 0
tazer10.dat 14245878 9115 0 0
tazer10.dat 9203813 9924 0 0
tazer10.dat 7019739 7825 0 0
tazer10.dat 17880893 7287 0 0
tazer10.dat 15335620 8329 0 0
tazer10.dat 3355354 8874 0 0
tazer10.dat 19257978 7604 0 0
tazer10.dat 2791808 7897 0 0
tazer5.dat 3509462 7798 0 0
tazer5.dat 3517260 8163 0 0
tazer5.dat 3525423 9363 0 0
tazer5.dat 3534786 9105 0 0
tazer4.dat 1965909 7354 0 0
tazer4.dat 1057905 8301 0 0
tazer1.dat 873914 8596 0 0
tazer4.dat 816122 7661 0 0
tazer4.dat 1258167 8304 0 0
tazer5.dat 3543891 8873 0 0
tazer5.dat 3552764 7394 0 0
tazer5.dat 3560158 7122 0 0
tazer5.dat 3567280 6939 0 0
tazer10.dat 6976626 10076 0 0
tazer10.dat 17000886 8325 0 0
tazer10.dat 1756424 8866 0 0
tazer10.dat 11313877 6583 0 0
tazer10.dat 7644773 7815 0 0
tazer10.dat 10989750 8682 0 0
tazer10.dat 5012758 8611 0 0
tazer10.dat 7092433 7639 0 0
tazer10.dat 7813667 7740 0 0
tazer10.dat 2557666 7607 0 0
tazer10.dat 19892918 8326 0 0
tazer10.dat 99132 9427 0 0
tazer10.dat 12306428 7844 0 0
tazer10.dat 13453085 8759 0 0
tazer10.dat 2089409 5824 0 0
tazer10.dat 2196183 7820 0 0
tazer10.dat 3936227 7232 0 0
tazer10.dat 1716313 8802 0 0
tazer10.dat 4261238 9761 0 0
tazer4.dat 2897681 8744 0 0
tazer4.dat 1431093 8243 0 0
tazer1.dat 882510 8001 0 0
tazer10.dat 3324501 8792 0 0
tazer10.dat 1184863 7475 0 0
tazer10.dat 6158487 8595 0 0
tazer10.dat 10078841 8241 0 0
tazer10.dat 4342231 6920 0 0
tazer10.dat 81966 8080 0 0
tazer10.dat 17161640 8920 0 0
tazer10.dat 4987593 9030 0 0
tazer10.dat 1622933 9345 0 0
tazer10.dat 4416864 8040 0 0
tazer10.dat 15667540 8071 0 0
tazer10.dat 2095233 8121 0 0
tazer10.dat 17130121 6776 0 0
tazer10.dat 1691383 9151 0 0
tazer10.dat 13145392 7829 0 0
tazer10.dat 668641 7435 0 0
tazer10.dat 19021174 7677 0 0
tazer10.dat 11910361 6727 0 0
tazer10.dat 13287189 9445 0 0
tazer5.dat 3574219 7962 0 0
tazer5.dat 3582181 7824 0 0
tazer5.dat 3590005 7848 0 0
tazer5.dat 3597853 8919 0 0
tazer10.dat 1863780 7743 0 0
tazer10.dat 10304280 7340 0 0
tazer10.dat 12748872 7491 0 0
tazer10.dat 9016939 8217 0 0
tazer10.dat 14993112 7524 0 0
tazer10.dat 11658550 8671 0 0
tazer10.dat 12419781 10068 0 0
tazer10.dat 9617079 8347 0 0
tazer10.dat 13640054 7870 0 0
tazer10.dat 939400 8280 0 0
tazer10.dat 5689430 8338 0 0
tazer10.dat 8183283 9267 0 0
tazer10.dat 6850627 7791 0 0
tazer10.dat 3919670 8786 0 0
tazer10.dat 19925961 8677 0 0
tazer10.dat 14127340 8536 0 0
tazer10.dat 1666060 8972 0 0
tazer10.dat 6007004 6949 0 0
tazer10.dat 6760525 7138 0 0
tazer5.dat 3606772 7787 0 0
tazer5.dat 3614559 8098 0 0
tazer5.dat 3622657 8520 0 0
tazer5.dat 3631177 7897 0 0
tazer1.dat 890511 7782 0 0
tazer4.dat 708830 6887 0 0
tazer4.dat 1862958 7038 0 0
tazer5.dat 3639074 7754 0 0
tazer5.dat 3646828 8075 0 0
tazer5.dat 3654903 8771 0 0
tazer5.dat 3663674 8059 0 0
tazer1.dat 898293 8710 0 0
tazer4.dat 2087463 7160 0 0
tazer4.dat 1102154 7290 0 0
tazer10.dat 4287023 7205 0 0
tazer10.dat 14711009 8146 0 0
tazer10.dat 5981549 10273 0 0
tazer10.dat 8431398 6735 0 0
tazer10.dat 3912774 6896 0 0
tazer10.dat 16028804 8720 0 0
tazer10.dat 8287792 7703 0 0
tazer10.dat 19567557 7439 0 0
tazer10.dat 7927440 8459 0 0
tazer10.dat 5864677 8320 0 0
tazer10.dat 4009700 8813 0 0
tazer10.dat 1362348 8735 0 0
tazer10.dat 14815788 8582 0 0
tazer10.dat 10721480 8494 0 0
tazer10.dat 17501312 9083 0 0
tazer10.dat 9731862 8233 0 0
tazer10.dat 16759097 7334 0 0
tazer10.dat 12854281 7837 0 0
tazer10.dat 2236134 8333 0 0
tazer5.dat 3671733 7914 0 0
tazer5.dat 3679647 8539 0 0
tazer5.dat 3688186 9921 0 0
tazer5.dat 3698107 6568 0 0
tazer10.dat 14749476 7138 0 0
tazer10.dat 2756569 8952 0 0
tazer10.dat 9130157 7963 0 0
tazer10.dat 3834912 6967 0 0
tazer10.dat 4637092 7195 0 0
tazer10.dat 18564157 7857 0 0
tazer10.dat 9987732 9538 0 0
tazer10.dat 10279267 10121 0 0
tazer10.dat 10152868 8261 0 0
tazer10.dat 1585405 8942 0 0
tazer10.dat 11778526 7912 0 0
tazer10.dat 3333293 7137 0 0
tazer10.dat 19452143 8144 0 0
tazer10.dat 18155884 6978 0 0
tazer10.dat 15467013 9200 0 0
tazer10.dat 2188517 7666 0 0
tazer10.dat 440850 8620 0 0
tazer10.dat 11381317 9327 0 0
tazer10.dat 1814381 8817 0 0
tazer4.dat 2303845 8219 0 0
tazer4.dat 1575439 7704 0 0
tazer1.dat 907003 8207 0 0
tazer1.dat 915210 8002 0 0
tazer10.dat 15595238 7683 0 0
tazer10.dat 1879684 8917 0 0
tazer10.dat 9424421 6806 0 0
tazer10.dat 10627395 9669 0 0
tazer10.dat 5589158 7703 0 0
tazer10.dat 13177756 7962 0 0
tazer10.dat 676076 7823 0 0
tazer10.dat 18072964 8500 0 0
tazer10.dat 9254779 8623 0 0
tazer10.dat 10169360 8147 0 0
tazer10.dat 18089989 9708 0 0
tazer10.dat 18178988 8125 0 0
tazer10.dat 18310486 8177 0 0
tazer10.dat 15049196 8110 0 0
tazer10.dat 2928173 8908 0 0
tazer10.dat 18162862 8374 0 0
tazer10.dat 6519271 7273 0 0
tazer10.dat 5419494 8688 0 0
tazer10.dat 7684689 9093 0 0
tazer5.dat 3704675 7224 0 0
tazer5.dat 3711899 8957 0 0
tazer5.dat 3720856 8962 0 0
tazer5.dat 3729818 7821 0 0
tazer4.dat 2421074 7865 0 0
tazer4.dat 1478844 7668 0 0
tazer1.dat 923212 7885 0 0
tazer4.dat 2071963 8247 0 0
tazer4.dat 300484 7510 0 0
tazer5.dat 3737639 8556 0 0
tazer5.dat 3746195 8227 0 0
tazer5.dat 3754422 7433 0 0
tazer5.dat 3761855 8457 0 0
tazer10.dat 12781138 8681 0 0
tazer10.dat 3126323 9003 0 0
tazer10.dat 3220272 7826 0 0
tazer10.dat 13503988 8535 0 0
tazer10.dat 11045875 7784 0 0
tazer10.dat 17298269 8743 0 0
tazer10.dat 10956878 7241 0 0
tazer10.dat 12446013 6824 0 0
tazer10.dat 12163953 9429 0 0
tazer10.dat 2033930 8357 0 0
tazer10.dat 17372698 9206 0 0
tazer10.dat 17643086 7916 0 0
tazer10.dat 14606646 7868 0 0
tazer10.dat 16516542 7613 0 0
tazer10.dat 9431227 8660 0 0
tazer10.dat 19063440 7429 0 0
tazer10.dat 10263748 8029 0 0
tazer10.dat 13856789 8477 0 0
tazer10.dat 18629271 7013 0 0
tazer4.dat 500090 8472 0 0
tazer4.dat 24212 8789 0 0
tazer5.dat 3770312 9579 0 0
tazer5.dat 3779891 6931 0 0
tazer5.dat 3786822 7129 0 0
tazer5.dat 3793951 9023 0 0
tazer10.dat 18286703 7003 0 0
tazer10.dat 19519049 7165 0 0
tazer10.dat 9076166 8010 0 0
tazer10.dat 19584245 8068 0 0
tazer10.dat 11793564 8044 0 0
tazer10.dat 19036180 9620 0 0
tazer10.dat 16695620 8938 0 0
tazer10.dat 8192550 8995 0 0
tazer10.dat 11642563 6800 0 0
tazer10.dat 15008705 8420 0 0
tazer10.dat 16395255 8578 0 0
tazer10.dat 11053659 7105 0 0
tazer10.dat 4408275 8589 0 0
tazer10.dat 10637064 9116 0 0
tazer10.dat 2836803 9287 0 0
tazer10.dat 13250752 7447 0 0
tazer10.dat 14824370 8805 0 0
tazer10.dat 19460287 8402 0 0
tazer10.dat 5736887 7507 0 0
tazer1.dat 931097 8525 0 0
tazer4.dat 2964780 8741 0 0
tazer4.dat 897352 7844 0 0
tazer10.dat 2895826 7843 0 0
tazer10.dat 10311620 8775 0 0
tazer10.dat 18368248 8149 0 0
tazer10.dat 1298942 7496 0 0
tazer10.dat 8702261 8195 0 0
tazer10.dat 8342269 7274 0 0
tazer10.dat 17755838 8669 0 0
tazer10.dat 629915 9148 0 0
tazer10.dat 9457393 6710 0 0
tazer10.dat 998552 8401 0 0
tazer10.dat 6313661 7564 0 0
tazer10.dat 12389541 7817 0 0
tazer10.dat 19468689 8580 0 0
tazer10.dat 5782622 8005 0 0
tazer10.dat 13335793 8502 0 0
tazer10.dat 3087896 7862 0 0
tazer10.dat 6259136 8695 0 0
tazer10.dat 10705728 8355 0 0
tazer10.dat 14541723 8442 0 0
tazer1.dat 939622 8295 0 0
tazer5.dat 3802974 7901 0 0
tazer5.dat 3810875 9217 0 0
tazer5.dat 3820092 7736 0 0
tazer5.dat 3827828 8503 0 0
tazer4.dat 2703729 8155 0 0
tazer4.dat 1470989 7855 0 0
tazer5.dat 3836331 8144 0 0
tazer5.dat 3844475 8339 0 0
tazer5.dat 3852814 8514 0 0
tazer5.dat 3861328 8658 0 0
tazer10.dat 4227881 8249 0 0
tazer10.dat 18705377 9169 0 0
tazer10.dat 10737757 8792 0 0
tazer10.dat 16579226 8466 0 0
tazer10.dat 9540416 7240 0 0
tazer10.dat 3143129 8028 0 0
tazer10.dat 10802081 7715 0 0
tazer10.dat 12429849 8087 0 0
tazer10.dat 14442104 6588 0 0
tazer10.dat 8454999 6731 0 0
tazer10.dat 2401068 6607 0 0
tazer10.dat 2375488 8124 0 0
tazer10.dat 125679 8413 0 0
tazer10.dat 2550364 7302 0 0
tazer10.dat 16122000 9000 0 0
tazer10.dat 17080865 9612 0 0
tazer10.dat 17307012 9580 0 0
tazer10.dat 134092 9623 0 0
tazer10.dat 5037177 7277 0 0
tazer1.dat 947917 7454 0 0
tazer5.dat 3869986 9146 0 0
tazer5.dat 3879132 7562 0 0
tazer5.dat 3886694 6907 0 0
tazer5.dat 3893601 7808 0 0
tazer10.dat 19738264 8980 0 0
tazer10.dat 7743360 6734 0 0
tazer10.dat 116598 9081 0 0
tazer10.dat 9861645 8309 0 0
tazer10.dat 19394855 8106 0 0
tazer10.dat 14414298 6842 0 0
tazer10.dat 3768698 9633 0 0
tazer10.dat 1428605 8760 0 0
tazer10.dat 15773962 8236 0 0
tazer10.dat 3744782 7581 0 0
tazer10.dat 10087082 7728 0 0
tazer10.dat 1480157 8085 0 0
tazer10.dat 5728995 7892 0 0
tazer10.dat 8820024 7926 0 0
tazer10.dat 11990851 7450 0 0
tazer10.dat 9969683 9081 0 0
tazer10.dat 2656386 8505 0 0
tazer10.dat 17443026 7000 0 0
tazer10.dat 1790907 7920 0 0
tazer1.dat 955371 6702 0 0
tazer4.dat 183537 8648 0 0
tazer4.dat 790062 9293 0 0
tazer10.dat 2268857 9588 0 0
tazer10.dat 4801563 7709 0 0
tazer10.dat 849653 7965 0 0
tazer10.dat 5181705 8206 0 0
tazer10.dat 18351846 7009 0 0
tazer10.dat 19688457 7887 0 0
tazer10.dat 2439555 6647 0 0
tazer10.dat 1570824 7116 0 0
tazer10.dat 3033895 7617 0 0
tazer10.dat 18878257 8697 0 0
tazer10.dat 13536951 8652 0 0
tazer10.dat 10343670 7426 0 0
tazer10.dat 1265561 7065 0 0
tazer10.dat 7602902 8430 0 0
tazer10.dat 12740143 8729 0 0
tazer10.dat 10103188 7861 0 0
tazer10.dat 4930463 7592 0 0
tazer10.dat 13662215 8730 0 0
tazer10.dat 1675032 7599 0 0
tazer4.dat 461643 7268 0 0
tazer4.dat 56189 8819 0 0
tazer1.dat 962073 8336 0 0
tazer5.dat 3901409 8302 0 0
tazer5.dat 3909711 9359 0 0
tazer5.dat 3919070 7025 0 0
tazer5.dat 3926095 9232 0 0
tazer5.dat 3935327 7540 0 0
tazer5.dat 3942867 8174 0 0
tazer5.dat 3951041 8781 0 0
tazer5.dat 3959822 7682 0 0
tazer10.dat 3752363 7880 0 0
tazer10.dat 5705634 9705 0 0
tazer10.dat 16905919 8785 0 0
tazer10.dat 15552431 8177 0 0
tazer10.dat 16500516 8971 0 0
tazer10.dat 11363362 9626 0 0
tazer10.dat 15386796 8211 0 0
tazer10.dat 6810825 7329 0 0
tazer10.dat 6875369 7741 0 0
tazer10.dat 3201382 9075 0 0
tazer10.dat 11578740 7256 0 0
tazer10.dat 19265582 9264 0 0
tazer10.dat 3640418 8225 0 0
tazer10.dat 17145878 7932 0 0
tazer10.dat 3525493 7319 0 0
tazer10.dat 3437735 7018 0 0
tazer10.dat 17254239 9310 0 0
tazer10.dat 12550645 8239 0 0
tazer10.dat 1905101 8265 0 0
tazer4.dat 2696591 7138 0 0
tazer4.dat 15366 8846 0 0
tazer1.dat 970409 8381 0 0
tazer5.dat 3967504 9113 0 0
tazer5.dat 3976617 7781 0 0
tazer5.dat 3984398 8423 0 0
tazer5.dat 3992821 8516 0 0
tazer4.dat 747907 9480 0 0
tazer4.dat 1383407 8100 0 0
tazer1.dat 978790 8801 0 0
tazer10.dat 2846090 9572 0 0
tazer10.dat 12115531 7868 0 0
tazer10.dat 4367257 8264 0 0
tazer10.dat 3664781 6352 0 0
tazer10.dat 6556659 8205 0 0
tazer10.dat 754744 9627 0 0
tazer10.dat 5753148 6948 0 0
tazer10.dat 7464511 8854 0 0
tazer10.dat 3071604 8865 0 0
tazer10.dat 7806130 7537 0 0
tazer10.dat 6036154 7279 0 0
tazer10.dat 13906378 7500 0 0
tazer10.dat 6462440 8478 0 0
tazer10.dat 8602422 7140 0 0
tazer10.dat 18187113 9156 0 0
tazer10.dat 11627091 8250 0 0
tazer10.dat 4907149 7378 0 0
tazer10.dat 3276652 9560 0 0
tazer10.dat 9279895 7989 0 0
tazer10.dat 18270875 7521 0 0
tazer10.dat 8147605 9731 0 0
tazer10.dat 12527356 9203 0 0
tazer10.dat 2614177 8887 0 0
tazer10.dat 6689153 9110 0 0
tazer10.dat 9683427 7749 0 0
tazer10.dat 16587692 7683 0 0
tazer10.dat 18116038 7908 0 0
tazer10.dat 14508691 8483 0 0
tazer10.dat 4244291 9309 0 0
tazer10.dat 14271105 8713 0 0
tazer10.dat 6504391 8040 0 0
tazer10.dat 13789764 8806 0 0
tazer10.dat 16145811 9625 0 0
tazer10.dat 3786097 7443 0 0
tazer10.dat 13312617 7313 0 0
tazer10.dat 12959755 8485 0 0
tazer10.dat 4881528 9806 0 0
tazer10.dat 4792933 8630 0 0
tazer4.dat 2247746 8901 0 0
tazer4.dat 2105187 7630 0 0
tazer5.dat 4001337 8433 0 0
tazer5.dat 4009770 8919 0 0
tazer5.dat 4018689 9647 0 0
tazer5.dat 4028336 7320 0 0
tazer1.dat 987591 8213 0 0
tazer4.dat 1777496 7674 0 0
tazer4.dat 739248 8659 0 0
tazer1.dat 995804 7549 0 0
tazer10.dat 11571061 7679 0 0
tazer10.dat 18064945 8019 0 0
tazer10.dat 19712615 9097 0 0
tazer10.dat 8779076 8591 0 0
tazer10.dat 15361193 7911 0 0
tazer10.dat 8485478 7322 0 0
tazer10.dat 9997270 7841 0 0
tazer10.dat 8357354 7588 0 0
tazer10.dat 5155845 9039 0 0
tazer10.dat 10848581 7751 0 0
tazer10.dat 12593178 7510 0 0
tazer10.dat 790599 8470 0 0
tazer10.dat 3704499 7723 0 0
tazer10.dat 7374117 8495 0 0
tazer10.dat 11133028 8490 0 0
tazer10.dat 10569366 7979 0 0
tazer10.dat 2204003 7670 0 0
tazer10.dat 6430744 7750 0 0
tazer10.dat 5798494 7750 0 0
tazer5.dat 4035656 7312 0 0
tazer5.dat 4042968 9041 0 0
tazer5.dat 4052009 7819 0 0
tazer5.dat 4059828 8797 0 0
tazer4.dat 2353653 8893 0 0
tazer4.dat 2583217 8101 0 0
tazer10.dat 3671133 8316 0 0
tazer10.dat 10863308 8371 0 0
tazer10.dat 7344096 8099 0 0
tazer10.dat 11489534 7924 0 0
tazer10.dat 10964119 9427 0 0
tazer10.dat 15236561 8126 0 0
tazer10.dat 10834470 6860 0 0
tazer10.dat 13496812 7176 0 0
tazer10.dat 10335649 8021 0 0
tazer10.dat 6549110 7549 0 0
tazer10.dat 738181 8892 0 0
tazer10.dat 11497458 8328 0 0
tazer10.dat 13865266 8507 0 0
tazer10.dat 12509870 8628 0 0
tazer10.dat 15301793 8400 0 0
tazer10.dat 6753666 6859 0 0
tazer10.dat 26639 6471 0 0
tazer10.dat 19704210 8405 0 0
tazer10.dat 6050744 8001 0 0
tazer_output.dat 0 8388608 0 0
tazer5.dat 4068625 6858 0 0
tazer5.dat 4075483 7445 0 0
tazer5.dat 4082928 8235 0 0
tazer5.dat 4091163 6378 0 0
tazer4.dat 1025952 7702 0 0
tazer4.dat 2656341 8957 0 0

tazer5.dat 4097541 8049 0 0
tazer5.dat 4105590 9195 0 0
tazer5.dat 4114785 7461 0 0
tazer5.dat 4122246 8299 0 0
tazer10.dat 14882523 7454 0 0
tazer10.dat 5847926 7604 0 0
tazer10.dat 10471546 8680 0 0
tazer10.dat 15997497 8161 0 0
tazer10.dat 5932170 8252 0 0
tazer10.dat 15492148 9274 0 0
tazer10.dat 7400329 8771 0 0
tazer10.dat 15219546 8889 0 0
tazer10.dat 19696344 7866 0 0
tazer10.dat 6883110 7944 0 0
tazer10.dat 3412395 9072 0 0
tazer10.dat 2855662 8557 0 0
tazer10.dat 7214858 9758 0 0
tazer10.dat 19502320 7969 0 0
tazer10.dat 10746549 6909 0 0
tazer10.dat 11893009 8406 0 0
tazer10.dat 14025782 7826 0 0
tazer10.dat 15136089 9557 0 0
tazer10.dat 2640797 7934 0 0
