tazer3.dat 0 9029 0 0
tazer5.dat 0 8449 0 0
tazer4.dat 276582 8300 0 0
tazer3.dat 9029 9389 0 0
tazer4.dat 421626 8405 0 0
tazer5.dat 8449 9778 0 0
tazer4.dat 1233600 8402 0 0
tazer5.dat 18227 7459 0 0
tazer3.dat 18418 8121 0 0
tazer3.dat 26539 7701 0 0
tazer4.dat 832831 8198 0 0
tazer5.dat 25686 8300 0 0
tazer3.dat 34240 8565 0 0
tazer4.dat 2312064 7346 0 0
tazer5.dat 33986 9851 0 0
tazer4.dat 2855242 8133 0 0
tazer3.dat 42805 7232 0 0
tazer5.dat 43837 8158 0 0
tazer3.dat 50037 8138 0 0
tazer5.dat 51995 9302 0 0
tazer4.dat 398610 6954 0 0
tazer4.dat 371603 9280 0 0
tazer3.dat 58175 8602 0 0
tazer5.dat 61297 9130 0 0
tazer5.dat 70427 8945 0 0
tazer3.dat 66777 8719 0 0
tazer4.dat 565606 8227 0 0
tazer4.dat 2498014 9034 0 0
tazer3.dat 75496 8287 0 0
tazer5.dat 79372 6869 0 0
tazer4.dat 1973263 7661 0 0
tazer5.dat 86241 8195 0 0
tazer3.dat 83783 7478 0 0
tazer3.dat 91261 8205 0 0
tazer4.dat 1869996 7434 0 0
tazer5.dat 94436 9249 0 0
tazer4.dat 1151649 8638 0 0
tazer3.dat 99466 7049 0 0
tazer5.dat 103685 8174 0 0
tazer5.dat 111859 7492 0 0
tazer4.dat 2524047 8001 0 0
tazer3.dat 106515 7267 0 0
tazer5.dat 119351 8215 0 0
tazer4.dat 2549389 10054 0 0
tazer3.dat 113782 7803 0 0
tazer3.dat 121585 7495 0 0
tazer5.dat 127566 10198 0 0
tazer4.dat 882703 7922 0 0
tazer4.dat 613492 9192 0 0
tazer3.dat 129080 8700 0 0
tazer5.dat 137764 8132 0 0
tazer3.dat 137780 9201 0 0
tazer5.dat 145896 9122 0 0
tazer4.dat 873758 8945 0 0
tazer4.dat 1160287 8100 0 0
tazer5.dat 155018 6924 0 0
tazer3.dat 146981 8779 0 0
tazer5.dat 161942 8086 0 0
tazer3.dat 155760 9480 0 0
tazer4.dat 2295630 8215 0 0
tazer3.dat 165240 8480 0 0
tazer4.dat 765949 7325 0 0
tazer5.dat 170028 7528 0 0
tazer4.dat 89943 7699 0 0
tazer5.dat 177556 7149 0 0
tazer3.dat 173720 7289 0 0
tazer4.dat 2591318 9441 0 0
tazer5.dat 184705 8058 0 0
tazer3.dat 181009 7400 0 0
tazer3.dat 188409 8966 0 0
tazer5.dat 192763 7869 0 0
tazer4.dat 2481680 7441 0 0
tazer5.dat 200632 8889 0 0
tazer4.dat 2231190 7073 0 0
tazer3.dat 197375 7554 0 0
tazer3.dat 204929 9011 0 0
tazer5.dat 209521 8270 0 0
tazer4.dat 2449858 8394 0 0
tazer5.dat 217791 8150 0 0
tazer3.dat 213940 7950 0 0
tazer4.dat 1517950 8369 0 0
tazer4.dat 2981384 7834 0 0
tazer3.dat 221890 7700 0 0
tazer5.dat 225941 7989 0 0
tazer4.dat 622684 8630 0 0
tazer3.dat 229590 9621 0 0
tazer5.dat 233930 9080 0 0
tazer3.dat 239211 9036 0 0
tazer5.dat 243010 7956 0 0
tazer4.dat 234282 8365 0 0
tazer5.dat 250966 8554 0 0
tazer4.dat 2147331 7989 0 0
tazer3.dat 248247 8802 0 0
tazer3.dat 257049 8902 0 0
tazer4.dat 176186 7351 0 0
tazer5.dat 259520 7196 0 0
tazer3.dat 265951 8230 0 0
tazer4.dat 2288256 7374 0 0
tazer5.dat 266716 7590 0 0
tazer5.dat 274306 7515 0 0
tazer3.dat 274181 8847 0 0
tazer4.dat 2120857 9103 0 0
tazer5.dat 281821 7657 0 0
tazer4.dat 1273953 8010 0 0
tazer3.dat 283028 8644 0 0
tazer5.dat 289478 8234 0 0
tazer3.dat 291672 8583 0 0
tazer4.dat 2609714 7471 0 0
tazer4.dat 905196 8021 0 0
tazer5.dat 297712 8421 0 0
tazer3.dat 300255 8804 0 0
tazer4.dat 2633810 7176 0 0
tazer3.dat 309059 8554 0 0
tazer5.dat 306133 7934 0 0
tazer4.dat 192185 9085 0 0
tazer3.dat 317613 7922 0 0
tazer5.dat 314067 8229 0 0
tazer3.dat 325535 8608 0 0
tazer5.dat 322296 6783 0 0
tazer4.dat 1375972 7435 0 0
tazer5.dat 329079 7469 0 0
tazer4.dat 2412708 8366 0 0
tazer3.dat 334143 9204 0 0
tazer3.dat 343347 7480 0 0
tazer4.dat 808251 7871 0 0
tazer5.dat 336548 7893 0 0
tazer4.dat 153587 7136 0 0
tazer3.dat 350827 10566 0 0
tazer5.dat 344441 5836 0 0
tazer3.dat 361393 7684 0 0
tazer5.dat 350277 8907 0 0
tazer4.dat 1281963 8081 0 0
tazer5.dat 359184 7334 0 0
tazer3.dat 369077 7603 0 0
tazer4.dat 2007054 8094 0 0
tazer3.dat 376680 7578 0 0
tazer5.dat 366518 9598 0 0
tazer4.dat 307994 6949 0 0
tazer4.dat 890625 6727 0 0
tazer5.dat 376116 7575 0 0
tazer3.dat 384258 8310 0 0
tazer3.dat 392568 8531 0 0
tazer5.dat 383691 8603 0 0
tazer4.dat 1176316 8245 0 0
tazer3.dat 401099 6894 0 0
tazer4.dat 293114 7370 0 0
tazer5.dat 392294 7378 0 0
tazer4.dat 2532048 8619 0 0
tazer3.dat 407993 9695 0 0
tazer5.dat 399672 7917 0 0
tazer3.dat 417688 8977 0 0
tazer5.dat 407589 8849 0 0
tazer4.dat 1313771 8551 0 0
tazer5.dat 416438 8245 0 0
tazer4.dat 1534570 7160 0 0
tazer3.dat 426665 8825 0 0
tazer5.dat 424683 7156 0 0
tazer4.dat 2674093 8639 0 0
tazer3.dat 435490 8052 0 0
tazer3.dat 443542 9578 0 0
tazer5.dat 431839 7356 0 0
tazer4.dat 1305058 8713 0 0
tazer5.dat 439195 8419 0 0
tazer4.dat 453909 7734 0 0
tazer3.dat 453120 8285 0 0
tazer5.dat 447614 7956 0 0
tazer4.dat 1854249 8709 0 0
tazer3.dat 461405 8451 0 0
tazer3.dat 469856 7546 0 0
tazer5.dat 455570 8235 0 0
tazer4.dat 2428939 6970 0 0
tazer3.dat 477402 6712 0 0
tazer5.dat 463805 8117 0 0
tazer4.dat 2948589 9321 0 0
tazer5.dat 471922 8759 0 0
tazer4.dat 1266471 7482 0 0
tazer3.dat 484114 9208 0 0
tazer4.dat 2473609 8071 0 0
tazer3.dat 493322 7325 0 0
tazer5.dat 480681 8465 0 0
tazer5.dat 489146 8870 0 0
tazer4.dat 541021 8577 0 0
tazer3.dat 500647 9037 0 0
tazer4.dat 2690505 6086 0 0
tazer3.dat 509684 8911 0 0
tazer5.dat 498016 8420 0 0
tazer4.dat 1739647 7216 0 0
tazer5.dat 506436 8690 0 0
tazer3.dat 518595 8430 0 0
tazer5.dat 515126 9343 0 0
tazer3.dat 527025 9269 0 0
tazer4.dat 1592208 7863 0 0
tazer4.dat 284882 8232 0 0
tazer5.dat 524469 8967 0 0
tazer3.dat 536294 7734 0 0
tazer5.dat 533436 6179 0 0
tazer4.dat 1615871 8950 0 0
tazer3.dat 544028 8977 0 0
tazer4.dat 2626494 7316 0 0
tazer3.dat 553005 8334 0 0
tazer5.dat 539615 7883 0 0
tazer3.dat 561339 9605 0 0
tazer5.dat 547498 8900 0 0
tazer4.dat 1754973 7274 0 0
tazer5.dat 556398 9131 0 0
tazer3.dat 570944 8561 0 0
tazer4.dat 1290044 7027 0 0
tazer3.dat 579505 9418 0 0
tazer4.dat 1550528 7811 0 0
tazer5.dat 565529 9525 0 0
tazer3.dat 588923 7664 0 0
tazer5.dat 575054 8246 0 0
tazer4.dat 2821229 8162 0 0
tazer5.dat 583300 8623 0 0
tazer3.dat 596587 8943 0 0
tazer4.dat 1074947 9723 0 0
tazer5.dat 591923 7769 0 0
tazer3.dat 605530 9419 0 0
tazer4.dat 2803517 9978 0 0
tazer5.dat 599692 7672 0 0
tazer3.dat 614949 10155 0 0
tazer4.dat 2112817 8040 0 0
tazer5.dat 607364 7613 0 0
tazer3.dat 625104 9245 0 0
tazer4.dat 689541 9271 0 0
tazer5.dat 614977 7701 0 0
tazer3.dat 634349 7954 0 0
tazer4.dat 1446481 8909 0 0
tazer3.dat 642303 8075 0 0
tazer5.dat 622678 7403 0 0
tazer4.dat 1329206 6858 0 0
tazer3.dat 650378 7589 0 0
tazer5.dat 630081 8163 0 0
tazer4.dat 1033654 8640 0 0
tazer4.dat 1565932 9507 0 0
tazer5.dat 638244 8158 0 0
tazer3.dat 657967 9564 0 0
tazer3.dat 667531 7181 0 0
tazer4.dat 532500 8521 0 0
tazer5.dat 646402 8402 0 0
tazer5.dat 654804 9048 0 0
tazer3.dat 674712 8932 0 0
tazer4.dat 405564 6973 0 0
tazer4.dat 2207146 8362 0 0
tazer5.dat 663852 8134 0 0
tazer3.dat 683644 7490 0 0
tazer4.dat 1242002 7604 0 0
tazer5.dat 671986 9129 0 0
tazer3.dat 691134 9067 0 0
tazer4.dat 250279 9239 0 0
tazer5.dat 681115 7467 0 0
tazer3.dat 700201 8752 0 0
tazer5.dat 688582 9401 0 0
tazer3.dat 708953 9430 0 0
tazer4.dat 1297071 7987 0 0
tazer4.dat 857555 7747 0 0
tazer3.dat 718383 7990 0 0
tazer5.dat 697983 8482 0 0
tazer3.dat 726373 8226 0 0
tazer5.dat 706465 8473 0 0
tazer4.dat 920424 7112 0 0
tazer3.dat 734599 9035 0 0
tazer4.dat 1093461 8693 0 0
tazer5.dat 714938 8042 0 0
tazer5.dat 722980 7755 0 0
tazer3.dat 743634 6964 0 0
tazer4.dat 1672454 8049 0 0
tazer4.dat 412537 9089 0 0
tazer5.dat 730735 9425 0 0
tazer3.dat 750598 8385 0 0
tazer3.dat 758983 8274 0 0
tazer5.dat 740160 6846 0 0
tazer4.dat 2015148 7548 0 0
tazer5.dat 747006 7433 0 0
tazer4.dat 1999262 7792 0 0
tazer3.dat 767257 7600 0 0
tazer4.dat 773274 8023 0 0
tazer5.dat 754439 7973 0 0
tazer3.dat 774857 8156 0 0
tazer5.dat 762412 8224 0 0
tazer3.dat 783013 7739 0 0
tazer4.dat 1541730 8798 0 0
tazer3.dat 790752 8452 0 0
tazer4.dat 430031 8023 0 0
tazer5.dat 770636 9021 0 0
tazer3.dat 799204 8173 0 0
tazer4.dat 1884930 9251 0 0
tazer5.dat 779657 7790 0 0
tazer4.dat 823783 9048 0 0
tazer5.dat 787447 8894 0 0
tazer3.dat 807377 8104 0 0
tazer5.dat 796341 7281 0 0
tazer4.dat 2256647 8896 0 0
tazer3.dat 815481 7730 0 0
tazer3.dat 823211 8153 0 0
tazer4.dat 2215508 7249 0 0
tazer5.dat 803622 7851 0 0
tazer4.dat 2881661 9683 0 0
tazer5.dat 811473 7652 0 0
tazer3.dat 831364 7277 0 0
tazer3.dat 838641 6342 0 0
tazer4.dat 953214 7409 0 0
tazer5.dat 819125 7932 0 0
tazer3.dat 844983 7090 0 0
tazer5.dat 827057 7874 0 0
tazer4.dat 1344650 8654 0 0
tazer3.dat 852073 8008 0 0
tazer5.dat 834931 8706 0 0
tazer4.dat 2939275 9314 0 0
tazer3.dat 860081 7704 0 0
tazer4.dat 1141917 9732 0 0
tazer5.dat 843637 8284 0 0
tazer4.dat 2458252 6628 0 0
tazer3.dat 867785 7730 0 0
tazer5.dat 851921 6892 0 0
tazer5.dat 858813 8935 0 0
tazer4.dat 2380259 7007 0 0
tazer3.dat 875515 6855 0 0
tazer3.dat 882370 8826 0 0
tazer5.dat 867748 8460 0 0
tazer4.dat 1633060 8641 0 0
tazer3.dat 891196 8285 0 0
tazer4.dat 1016938 9014 0 0
tazer5.dat 876208 8153 0 0
tazer5.dat 884361 8867 0 0
tazer4.dat 2777558 7766 0 0
tazer3.dat 899481 7283 0 0
tazer5.dat 893228 7503 0 0
tazer4.dat 2735910 7598 0 0
tazer3.dat 906764 7593 0 0
tazer3.dat 914357 8801 0 0
tazer4.dat 2813495 7734 0 0
tazer5.dat 900731 7960 0 0
tazer5.dat 908691 7248 0 0
tazer3.dat 923158 7517 0 0
tazer4.dat 969036 6750 0 0
tazer5.dat 915939 7804 0 0
tazer4.dat 640040 8937 0 0
tazer3.dat 930675 7838 0 0
tazer3.dat 938513 9467 0 0
tazer4.dat 1762247 8861 0 0
tazer5.dat 923743 8435 0 0
tazer3.dat 947980 8107 0 0
tazer5.dat 932178 7754 0 0
tazer4.dat 681333 8208 0 0
tazer5.dat 939932 6958 0 0
tazer3.dat 956087 8131 0 0
tazer4.dat 1830840 8107 0 0
tazer4.dat 2139490 7841 0 0
tazer5.dat 946890 6992 0 0
tazer3.dat 964218 8953 0 0
tazer4.dat 1949518 7707 0 0
tazer3.dat 973171 9069 0 0
tazer5.dat 953882 6149 0 0
tazer5.dat 960031 7226 0 0
tazer3.dat 982240 8714 0 0
tazer4.dat 2155320 8664 0 0
tazer3.dat 990954 7820 0 0
tazer4.dat 2863375 9324 0 0
tazer5.dat 967257 8653 0 0
tazer5.dat 975910 7637 0 0
tazer3.dat 998774 7633 0 0
tazer4.dat 2191613 7899 0 0
tazer3.dat 1006407 9149 0 0
tazer4.dat 1607351 8520 0 0
tazer5.dat 983547 9016 0 0
tazer4.dat 664614 8521 0 0
tazer5.dat 992563 7046 0 0
tazer3.dat 1015556 9236 0 0
tazer4.dat 1722323 8888 0 0
tazer5.dat 999609 7592 0 0
tazer3.dat 1024792 8823 0 0
tazer4.dat 209102 7814 0 0
tazer3.dat 1033615 9076 0 0
tazer5.dat 1007201 8457 0 0
tazer5.dat 1015658 8574 0 0
tazer4.dat 936302 7529 0 0
tazer3.dat 1042691 6993 0 0
tazer3.dat 1049684 7729 0 0
tazer5.dat 1024232 8115 0 0
tazer4.dat 1649557 7247 0 0
tazer3.dat 1057413 8272 0 0
tazer5.dat 1032347 8352 0 0
tazer4.dat 40432 7474 0 0
tazer4.dat 1526319 8251 0 0
tazer3.dat 1065685 8017 0 0
tazer5.dat 1040699 7237 0 0
tazer3.dat 1073702 7081 0 0
tazer5.dat 1047936 8126 0 0
tazer4.dat 345613 9167 0 0
tazer4.dat 475903 7278 0 0
tazer3.dat 1080783 8631 0 0
tazer5.dat 1056062 7179 0 0
tazer3.dat 1089414 8864 0 0
tazer5.dat 1063241 6302 0 0
tazer4.dat 1902377 7595 0 0
tazer3.dat 1098278 7650 0 0
tazer4.dat 1600071 7280 0 0
tazer5.dat 1069543 8010 0 0
tazer5.dat 1077553 9993 0 0
tazer4.dat 1400143 7943 0 0
tazer3.dat 1105928 7605 0 0
tazer4.dat 468911 6992 0 0
tazer3.dat 1113533 8672 0 0
tazer5.dat 1087546 8536 0 0
tazer3.dat 1122205 7496 0 0
tazer5.dat 1096082 9028 0 0
tazer4.dat 1942999 6519 0 0
tazer3.dat 1129701 8795 0 0
tazer4.dat 960623 8413 0 0
tazer5.dat 1105110 7308 0 0
tazer3.dat 1138496 8571 0 0
tazer5.dat 1112418 8567 0 0
tazer4.dat 1391507 8636 0 0
tazer5.dat 1120985 7407 0 0
tazer3.dat 1147067 7436 0 0
tazer4.dat 446157 7752 0 0
tazer3.dat 1154503 8136 0 0
tazer4.dat 2174179 8700 0 0
tazer5.dat 1128392 7780 0 0
tazer4.dat 2785324 10162 0 0
tazer5.dat 1136172 7671 0 0
tazer3.dat 1162639 9255 0 0
tazer3.dat 1171894 6983 0 0
tazer4.dat 1771108 6388 0 0
tazer5.dat 1143843 7840 0 0
tazer4.dat 2743508 9307 0 0
tazer3.dat 1178877 8781 0 0
tazer5.dat 1151683 8736 0 0
tazer3.dat 1187658 6885 0 0
tazer4.dat 2829391 9200 0 0
tazer5.dat 1160419 6905 0 0
tazer3.dat 1194543 8680 0 0
tazer4.dat 2129960 9530 0 0
tazer5.dat 1167324 7835 0 0
tazer5.dat 1175159 8907 0 0
tazer3.dat 1203223 9541 0 0
tazer4.dat 2335345 9191 0 0
tazer3.dat 1212764 7262 0 0
tazer4.dat 1214984 10290 0 0
tazer5.dat 1184066 8032 0 0
tazer4.dat 2319410 8080 0 0
tazer3.dat 1220026 8095 0 0
tazer5.dat 1192098 8923 0 0
tazer5.dat 1201021 8533 0 0
tazer4.dat 975786 8932 0 0
tazer3.dat 1228121 8531 0 0
tazer5.dat 1209554 6385 0 0
tazer3.dat 1236652 7127 0 0
tazer4.dat 1184561 7571 0 0
tazer5.dat 1215939 8145 0 0
tazer4.dat 1698215 7923 0 0
tazer3.dat 1243779 8109 0 0
tazer3.dat 1251888 8514 0 0
tazer5.dat 1224084 7758 0 0
tazer4.dat 1656804 8392 0 0
tazer5.dat 1231842 7598 0 0
tazer4.dat 1501942 8329 0 0
tazer3.dat 1260402 8604 0 0
tazer5.dat 1239440 8906 0 0
tazer3.dat 1269006 8166 0 0
tazer4.dat 2929238 10037 0 0
tazer4.dat 105158 8244 0 0
tazer5.dat 1248346 8013 0 0
tazer3.dat 1277172 8893 0 0
tazer5.dat 1256359 7161 0 0
tazer4.dat 1408086 8815 0 0
tazer3.dat 1286065 7786 0 0
tazer5.dat 1263520 8916 0 0
tazer3.dat 1293851 10627 0 0
tazer4.dat 648977 7369 0 0
tazer4.dat 2163984 10195 0 0
tazer3.dat 1304478 8726 0 0
tazer5.dat 1272436 9071 0 0
tazer5.dat 1281507 8032 0 0
tazer3.dat 1313204 8188 0 0
tazer4.dat 201270 7832 0 0
tazer4.dat 1168387 7929 0 0
tazer3.dat 1321392 8044 0 0
tazer5.dat 1289539 8561 0 0
tazer5.dat 1298100 7817 0 0
tazer3.dat 1329436 7507 0 0
tazer4.dat 2997405 7666 0 0
tazer5.dat 1305917 8543 0 0
tazer4.dat 2279947 8309 0 0
tazer3.dat 1336943 7872 0 0
tazer4.dat 1715029 7294 0 0
tazer5.dat 1314460 8354 0 0
tazer3.dat 1344815 6687 0 0
tazer3.dat 1351502 8214 0 0
tazer4.dat 1909972 8566 0 0
tazer5.dat 1322814 8012 0 0
tazer5.dat 1330826 9449 0 0
tazer3.dat 1359716 8576 0 0
tazer4.dat 1706138 8891 0 0
tazer4.dat 242647 7632 0 0
tazer5.dat 1340275 8154 0 0
tazer3.dat 1368292 8314 0 0
tazer3.dat 1376606 7516 0 0
tazer4.dat 1361539 7673 0 0
tazer5.dat 1348429 7264 0 0
tazer3.dat 1384122 9339 0 0
tazer4.dat 631314 8726 0 0
tazer5.dat 1355693 7050 0 0
tazer3.dat 1393461 8558 0 0
tazer5.dat 1362743 7744 0 0
tazer4.dat 136376 8604 0 0
tazer4.dat 2795486 8031 0 0
tazer5.dat 1370487 8335 0 0
tazer3.dat 1402019 8316 0 0
tazer5.dat 1378822 7650 0 0
tazer4.dat 323107 6734 0 0
tazer3.dat 1410335 7452 0 0
tazer4.dat 605508 7984 0 0
tazer3.dat 1417787 8303 0 0
tazer5.dat 1386472 8159 0 0
tazer5.dat 1394631 9500 0 0
tazer4.dat 113402 7160 0 0
tazer3.dat 1426090 7842 0 0
tazer4.dat 1439336 7145 0 0
tazer3.dat 1433932 7869 0 0
tazer5.dat 1404131 8906 0 0
tazer3.dat 1441801 8005 0 0
tazer4.dat 992998 7941 0 0
tazer5.dat 1413037 8701 0 0
tazer5.dat 1421738 8696 0 0
tazer3.dat 1449806 7457 0 0
tazer4.dat 483181 8506 0 0
tazer3.dat 1457263 9014 0 0
tazer5.dat 1430434 7731 0 0
tazer4.dat 841029 8939 0 0
tazer5.dat 1438165 7845 0 0
tazer4.dat 1980924 8154 0 0
tazer3.dat 1466277 8038 0 0
tazer4.dat 338049 7564 0 0
tazer5.dat 1446010 8988 0 0
tazer3.dat 1474315 7529 0 0
tazer3.dat 1481844 8790 0 0
tazer4.dat 715717 8335 0 0
tazer5.dat 1454998 9519 0 0
tazer4.dat 2029826 7801 0 0
tazer3.dat 1490634 9730 0 0
tazer5.dat 1464517 7679 0 0
tazer5.dat 1472196 8101 0 0
tazer4.dat 2397320 7259 0 0
tazer3.dat 1500364 8705 0 0
tazer5.dat 1480297 8931 0 0
tazer4.dat 943831 9383 0 0
tazer3.dat 1509069 7424 0 0
tazer5.dat 1489228 8221 0 0
tazer3.dat 1516493 8840 0 0
tazer4.dat 1249606 8561 0 0
tazer5.dat 1497449 7839 0 0
tazer3.dat 1525333 8453 0 0
tazer4.dat 590678 7458 0 0
tazer4.dat 2094623 10564 0 0
tazer3.dat 1533786 8541 0 0
tazer5.dat 1505288 8368 0 0
tazer5.dat 1513656 7871 0 0
tazer3.dat 1542327 7791 0 0
tazer4.dat 1486512 7617 0 0
tazer4.dat 1416901 6683 0 0
tazer3.dat 1550118 8850 0 0
tazer5.dat 1521527 8829 0 0
tazer3.dat 1558968 9315 0 0
tazer5.dat 1530356 9373 0 0
tazer4.dat 2044613 9190 0 0
tazer3.dat 1568283 8500 0 0
tazer4.dat 2617185 9309 0 0
tazer5.dat 1539729 8702 0 0
tazer3.dat 1576783 7751 0 0
tazer5.dat 1548431 6715 0 0
tazer4.dat 927536 8766 0 0
tazer4.dat 2682732 7773 0 0
tazer3.dat 1584534 9704 0 0
tazer5.dat 1555146 8802 0 0
tazer5.dat 1563948 8285 0 0
tazer4.dat 1510271 7679 0 0
tazer3.dat 1594238 7870 0 0
tazer5.dat 1572233 7900 0 0
tazer4.dat 656346 8268 0 0
tazer3.dat 1602108 8852 0 0
tazer3.dat 1610960 7733 0 0
tazer4.dat 673135 8198 0 0
tazer5.dat 1580133 6478 0 0
tazer4.dat 1192132 7924 0 0
tazer5.dat 1586611 6960 0 0
tazer3.dat 1618693 6296 0 0
tazer5.dat 1593571 9192 0 0
tazer4.dat 1463772 7217 0 0
tazer3.dat 1624989 7615 0 0
tazer4.dat 216916 8999 0 0
tazer3.dat 1632604 8004 0 0
tazer5.dat 1602763 6993 0 0
tazer3.dat 1640608 7504 0 0
tazer5.dat 1609756 8703 0 0
tazer4.dat 2600759 8955 0 0
tazer3.dat 1648112 7592 0 0
tazer4.dat 2838591 8454 0 0
tazer5.dat 1618459 7788 0 0
tazer4.dat 120562 7578 0 0
tazer5.dat 1626247 8832 0 0
tazer3.dat 1655704 7916 0 0
tazer3.dat 1663620 8911 0 0
tazer5.dat 1635079 7265 0 0
tazer4.dat 1206846 8138 0 0
tazer4.dat 259518 8582 0 0
tazer3.dat 1672531 8881 0 0
tazer5.dat 1642344 8760 0 0
tazer3.dat 1681412 7990 0 0
tazer4.dat 47906 8283 0 0
tazer5.dat 1651104 8795 0 0
tazer4.dat 144980 8607 0 0
tazer5.dat 1659899 7861 0 0
tazer3.dat 1689402 8852 0 0
tazer4.dat 2973521 7863 0 0
tazer3.dat 1698254 8052 0 0
tazer5.dat 1667760 8271 0 0
tazer5.dat 1676031 9676 0 0
tazer3.dat 1706306 7729 0 0
tazer4.dat 491687 8403 0 0
tazer4.dat 2080210 7253 0 0
tazer3.dat 1714035 7659 0 0
tazer5.dat 1685707 8994 0 0
tazer4.dat 1109444 8437 0 0
tazer3.dat 1721694 8051 0 0
tazer5.dat 1694701 8037 0 0
tazer4.dat 2182879 8734 0 0
tazer3.dat 1729745 9330 0 0
tazer5.dat 1702738 8421 0 0
tazer3.dat 1739075 8717 0 0
tazer5.dat 1711159 8125 0 0
tazer4.dat 1792239 7028 0 0
tazer3.dat 1747792 9158 0 0
tazer4.dat 724052 7423 0 0
tazer5.dat 1719284 8847 0 0
tazer3.dat 1756950 8981 0 0
tazer4.dat 1665196 7258 0 0
tazer5.dat 1728131 9024 0 0
tazer3.dat 1765931 7639 0 0
tazer5.dat 1737155 9454 0 0
tazer4.dat 33001 7431 0 0
tazer4.dat 1965909 7354 0 0
tazer3.dat 1773570 8765 0 0
tazer5.dat 1746609 7588 0 0
tazer4.dat 1057905 8301 0 0
tazer3.dat 1782335 7747 0 0
tazer5.dat 1754197 8586 0 0
tazer4.dat 816122 7661 0 0
tazer3.dat 1790082 8808 0 0
tazer5.dat 1762783 8644 0 0
tazer3.dat 1798890 5982 0 0
tazer4.dat 1258167 8304 0 0
tazer5.dat 1771427 7564 0 0
tazer4.dat 2897681 8744 0 0
tazer5.dat 1778991 9713 0 0
tazer3.dat 1804872 8260 0 0
tazer5.dat 1788704 8005 0 0
tazer4.dat 1431093 8243 0 0
tazer3.dat 1813132 8072 0 0
tazer4.dat 708830 6887 0 0
tazer3.dat 1821204 7453 0 0
tazer5.dat 1796709 8369 0 0
tazer5.dat 1805078 7670 0 0
tazer4.dat 1862958 7038 0 0
tazer3.dat 1828657 8137 0 0
tazer3.dat 1836794 7840 0 0
tazer5.dat 1812748 6823 0 0
tazer4.dat 2087463 7160 0 0
tazer3.dat 1844634 7684 0 0
tazer5.dat 1819571 8630 0 0
tazer4.dat 1102154 7290 0 0
tazer5.dat 1828201 7873 0 0
tazer3.dat 1852318 7529 0 0
tazer4.dat 2303845 8219 0 0
tazer5.dat 1836074 7806 0 0
tazer3.dat 1859847 7314 0 0
tazer4.dat 1575439 7704 0 0
tazer3.dat 1867161 9598 0 0
tazer5.dat 1843880 7366 0 0
tazer4.dat 2421074 7865 0 0
tazer5.dat 1851246 7861 0 0
tazer3.dat 1876759 8314 0 0
tazer4.dat 1478844 7668 0 0
tazer5.dat 1859107 8657 0 0
tazer3.dat 1885073 8684 0 0
tazer4.dat 2071963 8247 0 0
tazer3.dat 1893757 9590 0 0
tazer5.dat 1867764 8389 0 0
tazer4.dat 300484 7510 0 0
tazer3.dat 1903347 8968 0 0
tazer4.dat 500090 8472 0 0
tazer5.dat 1876153 8718 0 0
tazer3.dat 1912315 7664 0 0
tazer4.dat 24212 8789 0 0
tazer5.dat 1884871 7150 0 0
tazer4.dat 2964780 8741 0 0
tazer5.dat 1892021 8907 0 0
tazer3.dat 1919979 7681 0 0
tazer3.dat 1927660 8766 0 0
tazer4.dat 897352 7844 0 0
tazer5.dat 1900928 8207 0 0
tazer4.dat 2703729 8155 0 0
tazer5.dat 1909135 7595 0 0
tazer3.dat 1936426 8709 0 0
tazer3.dat 1945135 8225 0 0
tazer4.dat 1470989 7855 0 0
tazer5.dat 1916730 7182 0 0
tazer3.dat 1953360 8102 0 0
tazer5.dat 1923912 8304 0 0
tazer4.dat 183537 8648 0 0
tazer3.dat 1961462 8424 0 0
tazer5.dat 1932216 8525 0 0
tazer4.dat 790062 9293 0 0
tazer5.dat 1940741 7544 0 0
tazer4.dat 461643 7268 0 0
tazer3.dat 1969886 7642 0 0
tazer5.dat 1948285 8505 0 0
tazer4.dat 56189 8819 0 0
tazer3.dat 1977528 9463 0 0
tazer4.dat 2696591 7138 0 0
tazer3.dat 1986991 7581 0 0
tazer5.dat 1956790 7945 0 0
tazer5.dat 1964735 7739 0 0
tazer3.dat 1994572 7592 0 0
tazer4.dat 15366 8846 0 0
tazer4.dat 747907 9480 0 0
tazer3.dat 2002164 9305 0 0
tazer5.dat 1972474 7661 0 0
tazer5.dat 1980135 9167 0 0
tazer4.dat 1383407 8100 0 0
tazer3.dat 2011469 7657 0 0
tazer5.dat 1989302 8748 0 0
tazer3.dat 2019126 7683 0 0
tazer4.dat 2247746 8901 0 0
tazer4.dat 2105187 7630 0 0
tazer5.dat 1998050 9086 0 0
tazer3.dat 2026809 7133 0 0
tazer5.dat 2007136 8492 0 0
tazer3.dat 2033942 7603 0 0
tazer4.dat 1777496 7674 0 0
tazer3.dat 2041545 8551 0 0
tazer5.dat 2015628 7308 0 0
tazer4.dat 739248 8659 0 0
tazer4.dat 2353653 8893 0 0
tazer5.dat 2022936 7897 0 0
tazer3.dat 2050096 7118 0 0
tazer3.dat 2057214 8830 0 0
tazer5.dat 2030833 8524 0 0
tazer4.dat 2583217 8101 0 0
tazer4.dat 1025952 7702 0 0
tazer5.dat 2039357 9518 0 0
tazer3.dat 2066044 7856 0 0
tazer4.dat 2656341 8957 0 0
tazer5.dat 2048875 8774 0 0
tazer3.dat 2073900 8198 0 0
tazer3.dat 2082098 9557 0 0
tazer4.dat 1008952 7986 0 0
tazer5.dat 2057649 8631 0 0
tazer4.dat 81383 8560 0 0
tazer3.dat 2091655 6012 0 0
tazer5.dat 2066280 8005 0 0
tazer3.dat 2097667 7088 0 0
tazer5.dat 2074285 7952 0 0
tazer4.dat 731475 7773 0 0
tazer4.dat 781297 8765 0 0
tazer3.dat 2104755 6137 0 0
tazer5.dat 2082237 8171 0 0
tazer4.dat 72668 8715 0 0
tazer3.dat 2110892 8020 0 0
tazer5.dat 2090408 8148 0 0
tazer3.dat 2118912 7702 0 0
tazer4.dat 65008 7660 0 0
tazer5.dat 2098556 7858 0 0
tazer5.dat 2106414 8481 0 0
tazer4.dat 2062564 9399 0 0
tazer3.dat 2126614 8561 0 0
tazer4.dat 1042294 7540 0 0
tazer5.dat 2114895 9545 0 0
tazer3.dat 2135175 7014 0 0
tazer5.dat 2124440 7692 0 0
tazer4.dat 1957225 8684 0 0
tazer3.dat 2142189 8810 0 0
tazer5.dat 2132132 9474 0 0
tazer3.dat 2150999 8145 0 0
tazer4.dat 1926287 9069 0 0
tazer3.dat 2159144 8667 0 0
tazer4.dat 2507048 9052 0 0
tazer5.dat 2141606 8465 0 0
tazer3.dat 2167811 8556 0 0
tazer4.dat 1808525 7344 0 0
tazer5.dat 2150071 8357 0 0
tazer4.dat 1641701 7856 0 0
tazer5.dat 2158428 9415 0 0
tazer3.dat 2176367 7337 0 0
tazer4.dat 525005 7495 0 0
tazer5.dat 2167843 9591 0 0
tazer3.dat 2183704 9060 0 0
tazer5.dat 2177434 8509 0 0
tazer4.dat 1918538 7749 0 0
tazer3.dat 2192764 7719 0 0
tazer3.dat 2200483 6710 0 0
tazer4.dat 1336064 8586 0 0
tazer5.dat 2185943 7660 0 0
tazer4.dat 1455390 8382 0 0
tazer3.dat 2207193 7923 0 0
tazer5.dat 2193603 9464 0 0
tazer3.dat 2215116 7414 0 0
tazer5.dat 2203067 7614 0 0
tazer4.dat 2053803 8761 0 0
tazer5.dat 2210681 8241 0 0
tazer4.dat 2464880 8729 0 0
tazer3.dat 2222530 7732 0 0
tazer3.dat 2230262 8353 0 0
tazer4.dat 1823166 7674 0 0
tazer5.dat 2218922 7157 0 0
tazer4.dat 1225274 8326 0 0
tazer3.dat 2238615 7723 0 0
tazer5.dat 2226079 8565 0 0
tazer3.dat 2246338 8711 0 0
tazer5.dat 2234644 8497 0 0
tazer4.dat 549598 7147 0 0
tazer4.dat 598136 7372 0 0
tazer3.dat 2255049 8536 0 0
tazer5.dat 2243141 9423 0 0
tazer4.dat 225915 8367 0 0
tazer3.dat 2263585 9541 0 0
tazer5.dat 2252564 8467 0 0
tazer5.dat 2261031 8101 0 0
tazer4.dat 1000939 8013 0 0
tazer3.dat 2273126 6784 0 0
tazer3.dat 2279910 8418 0 0
tazer4.dat 2574704 8513 0 0
tazer5.dat 2269132 8662 0 0
tazer5.dat 2277794 9883 0 0
tazer3.dat 2288328 7255 0 0
tazer4.dat 2238263 9483 0 0
tazer4.dat 913217 7207 0 0
tazer3.dat 2295583 8191 0 0
tazer5.dat 2287677 6768 0 0
tazer3.dat 2303774 9580 0 0
tazer5.dat 2294445 8854 0 0
tazer4.dat 168257 7929 0 0
tazer4.dat 583281 7397 0 0
tazer3.dat 2313354 8248 0 0
tazer5.dat 2303299 7700 0 0
tazer5.dat 2310999 9608 0 0
tazer3.dat 2321602 7617 0 0
tazer4.dat 2648025 8316 0 0
tazer3.dat 2329219 9736 0 0
tazer5.dat 2320607 7935 0 0
tazer4.dat 757387 8562 0 0
tazer4.dat 984718 8280 0 0
tazer3.dat 2338955 6873 0 0
tazer5.dat 2328542 8205 0 0
tazer3.dat 2345828 7936 0 0
tazer5.dat 2336747 7945 0 0
tazer4.dat 2728591 7319 0 0
tazer4.dat 2957910 6870 0 0
tazer5.dat 2344692 8347 0 0
tazer3.dat 2353764 8302 0 0
tazer4.dat 1799267 9258 0 0
tazer5.dat 2353039 8058 0 0
tazer3.dat 2362066 7575 0 0
tazer4.dat 1558339 7593 0 0
tazer3.dat 2369641 6977 0 0
tazer5.dat 2361097 8229 0 0
tazer5.dat 2369326 9511 0 0
tazer4.dat 2344536 9117 0 0
tazer3.dat 2376618 7160 0 0
tazer3.dat 2383778 8778 0 0
tazer5.dat 2378837 8050 0 0
tazer4.dat 1731211 8436 0 0
tazer3.dat 2392556 7078 0 0
tazer4.dat 1894181 8196 0 0
tazer5.dat 2386887 7693 0 0
tazer3.dat 2399634 8302 0 0
tazer5.dat 2394580 6567 0 0
tazer4.dat 2265543 6786 0 0
tazer3.dat 2407936 8193 0 0
tazer5.dat 2401147 7180 0 0
tazer4.dat 438054 8103 0 0
tazer3.dat 2416129 7548 0 0
tazer4.dat 1989078 10184 0 0
tazer5.dat 2408327 7771 0 0
tazer5.dat 2416098 8716 0 0
tazer3.dat 2423677 7994 0 0
tazer4.dat 1877430 7500 0 0
tazer5.dat 2424814 8388 0 0
tazer4.dat 1494129 7813 0 0
tazer3.dat 2431671 8245 0 0
tazer5.dat 2433202 8466 0 0
tazer3.dat 2439916 9184 0 0
tazer4.dat 2037627 6986 0 0
tazer3.dat 2449100 7890 0 0
tazer5.dat 2441668 8446 0 0
tazer4.dat 97642 7516 0 0
tazer3.dat 2456990 8281 0 0
tazer5.dat 2450114 7615 0 0
tazer4.dat 2489121 8893 0 0
tazer3.dat 2465271 8180 0 0
tazer5.dat 2457729 8329 0 0
tazer4.dat 2752815 8410 0 0
tazer3.dat 2473451 7103 0 0
tazer5.dat 2466058 9198 0 0
tazer4.dat 1369212 6760 0 0
tazer5.dat 2475256 7508 0 0
tazer3.dat 2480554 9075 0 0
tazer4.dat 2761225 7200 0 0
tazer3.dat 2489629 9743 0 0
tazer5.dat 2482764 8693 0 0
tazer4.dat 1815869 7297 0 0
tazer5.dat 2491457 7512 0 0
tazer4.dat 1846867 7382 0 0
tazer3.dat 2499372 8895 0 0
tazer3.dat 2508267 8161 0 0
tazer5.dat 2498969 8523 0 0
tazer4.dat 354780 8457 0 0
tazer3.dat 2516428 9051 0 0
tazer4.dat 1583143 9065 0 0
tazer5.dat 2507492 9137 0 0
tazer5.dat 2516629 7712 0 0
tazer3.dat 2525479 8929 0 0
tazer4.dat 2906425 6744 0 0
tazer5.dat 2524341 6662 0 0
tazer4.dat 1746863 8110 0 0
tazer3.dat 2534408 8283 0 0
tazer5.dat 2531003 8923 0 0
tazer4.dat 2540667 8722 0 0
tazer3.dat 2542691 8925 0 0
tazer4.dat 2371489 8770 0 0
tazer3.dat 2551616 7725 0 0
tazer5.dat 2539926 9123 0 0
tazer4.dat 2872699 8962 0 0
tazer5.dat 2549049 8384 0 0
tazer3.dat 2559341 7912 0 0
tazer4.dat 1125800 7588 0 0
tazer5.dat 2557433 6993 0 0
tazer3.dat 2567253 10218 0 0
tazer4.dat 2516100 7947 0 0
tazer5.dat 2564426 8110 0 0
tazer3.dat 2577471 6949 0 0
tazer5.dat 2572536 7684 0 0
tazer3.dat 2584420 6731 0 0
tazer4.dat 849968 7587 0 0
tazer5.dat 2580220 9113 0 0
tazer3.dat 2591151 8725 0 0
tazer4.dat 2362546 8943 0 0
tazer5.dat 2589333 8308 0 0
tazer4.dat 2387266 10054 0 0
tazer3.dat 2599876 8187 0 0
tazer3.dat 2608063 8549 0 0
tazer4.dat 2711884 8214 0 0
tazer5.dat 2597641 6705 0 0
tazer3.dat 2616612 6992 0 0
tazer4.dat 1423584 7509 0 0
tazer5.dat 2604346 8277 0 0
tazer4.dat 2404579 8129 0 0
tazer3.dat 2623604 8586 0 0
tazer5.dat 2612623 9570 0 0
tazer3.dat 2632190 8645 0 0
tazer5.dat 2622193 7781 0 0
tazer4.dat 2559443 7950 0 0
tazer5.dat 2629974 8674 0 0
tazer3.dat 2640835 8364 0 0
tazer4.dat 1838947 7920 0 0
tazer4.dat 1200056 6790 0 0
tazer3.dat 2649199 7456 0 0
tazer5.dat 2638648 8498 0 0
tazer3.dat 2656655 9637 0 0
tazer5.dat 2647146 9218 0 0
tazer4.dat 363237 8366 0 0
tazer4.dat 1117881 7919 0 0
tazer3.dat 2666292 8538 0 0
tazer5.dat 2656364 9145 0 0
tazer3.dat 2674830 9323 0 0
tazer5.dat 2665509 8147 0 0
tazer4.dat 2913169 7561 0 0
tazer4.dat 2567393 7311 0 0
tazer5.dat 2673656 7331 0 0
tazer3.dat 2684153 7620 0 0
tazer4.dat 2640986 7039 0 0
tazer3.dat 2691773 8404 0 0
tazer5.dat 2680987 7372 0 0
tazer3.dat 2700177 9847 0 0
tazer4.dat 2272329 7618 0 0
tazer5.dat 2688359 8618 0 0
tazer3.dat 2710024 8654 0 0
tazer5.dat 2696977 8211 0 0
tazer4.dat 160723 7534 0 0
tazer3.dat 2718678 6365 0 0
tazer5.dat 2705188 10162 0 0
tazer4.dat 1322322 6884 0 0
tazer5.dat 2715350 8850 0 0
tazer4.dat 799355 8896 0 0
tazer3.dat 2725043 8149 0 0
tazer4.dat 7863 7503 0 0
tazer3.dat 2733192 8474 0 0
tazer5.dat 2724200 6998 0 0
tazer4.dat 314943 8164 0 0
tazer3.dat 2741666 9004 0 0
tazer5.dat 2731198 8494 0 0
tazer4.dat 1785170 7069 0 0
tazer5.dat 2739692 8705 0 0
tazer3.dat 2750670 7774 0 0
tazer3.dat 2758444 8355 0 0
tazer4.dat 2665298 8795 0 0
tazer5.dat 2748397 8608 0 0
tazer5.dat 2757005 8333 0 0
tazer4.dat 389966 8644 0 0
tazer3.dat 2766799 6361 0 0
tazer5.dat 2765338 7136 0 0
tazer3.dat 2773160 7907 0 0
tazer4.dat 380883 9083 0 0
tazer5.dat 2772474 9285 0 0
tazer4.dat 329841 8208 0 0
tazer3.dat 2781067 7972 0 0
tazer3.dat 2789039 8100 0 0
tazer5.dat 2781759 7808 0 0
tazer4.dat 1133388 8529 0 0
tazer3.dat 2797139 7962 0 0
tazer5.dat 2789567 9372 0 0
tazer4.dat 0 7863 0 0
tazer3.dat 2805101 9121 0 0
tazer5.dat 2798939 7481 0 0
tazer4.dat 2720098 8493 0 0
tazer3.dat 2814222 7963 0 0
tazer4.dat 2327490 7855 0 0
tazer5.dat 2806420 6928 0 0
tazer5.dat 2813348 8205 0 0
tazer3.dat 2822185 9216 0 0
tazer4.dat 268100 8482 0 0
tazer3.dat 2831401 9349 0 0
tazer4.dat 1084670 8791 0 0
tazer5.dat 2821553 6956 0 0
tazer3.dat 2840750 6665 0 0
tazer5.dat 2828509 7906 0 0
tazer4.dat 516336 8669 0 0
tazer5.dat 2836415 8546 0 0
tazer4.dat 1353304 8235 0 0
tazer3.dat 2847415 8751 0 0
tazer3.dat 2856166 8263 0 0
tazer5.dat 2844961 7650 0 0
tazer4.dat 573833 9448 0 0
tazer3.dat 2864429 7463 0 0
tazer5.dat 2852611 7911 0 0
tazer4.dat 865302 8456 0 0
tazer4.dat 556745 8861 0 0
tazer3.dat 2871892 8882 0 0
tazer5.dat 2860522 8024 0 0
tazer5.dat 2868546 8507 0 0
tazer4.dat 2920730 8508 0 0
tazer3.dat 2880774 7573 0 0
tazer4.dat 1680503 8424 0 0
tazer3.dat 2888347 8135 0 0
tazer5.dat 2877053 7778 0 0
tazer4.dat 1049834 8071 0 0
tazer5.dat 2884831 7997 0 0
tazer3.dat 2896482 5943 0 0
tazer3.dat 2902425 7114 0 0
tazer5.dat 2892828 9954 0 0
tazer4.dat 2022696 7130 0 0
tazer3.dat 2909539 8451 0 0
tazer5.dat 2902782 6280 0 0
tazer4.dat 2222757 8433 0 0
tazer3.dat 2917990 8218 0 0
tazer5.dat 2909062 8863 0 0
tazer4.dat 2891344 6337 0 0
tazer4.dat 1935356 7643 0 0
tazer5.dat 2917925 8855 0 0
tazer3.dat 2926208 8481 0 0
tazer4.dat 1688927 9288 0 0
tazer3.dat 2934689 9218 0 0
tazer5.dat 2926780 9085 0 0
tazer5.dat 2935865 7486 0 0
tazer4.dat 2847045 8197 0 0
tazer3.dat 2943907 6799 0 0
tazer3.dat 2950706 8528 0 0
tazer5.dat 2943351 8478 0 0
tazer4.dat 1624821 8239 0 0
tazer4.dat 2199512 7634 0 0
tazer3.dat 2959234 7989 0 0
tazer5.dat 2951829 8261 0 0
tazer3.dat 2967223 7513 0 0
tazer5.dat 2960090 7701 0 0
tazer4.dat 508562 7774 0 0
tazer3.dat 2974736 8665 0 0
tazer5.dat 2967791 8069 0 0
tazer4.dat 698812 10018 0 0
tazer4.dat 2435909 8056 0 0
tazer5.dat 2975860 8303 0 0
tazer3.dat 2983401 8009 0 0
tazer3.dat 2991410 7891 0 0
tazer5.dat 2984163 8399 0 0
tazer4.dat 128140 8236 0 0
tazer5.dat 2992562 7932 0 0
tazer3.dat 2999301 7677 0 0
tazer4.dat 2768425 9133 0 0
tazer4.dat 2443965 5893 0 0
tazer_output.dat 0 8388608 0 0
tazer5.dat 3000494 8391 0 0

tazer5.dat 3008885 9334 0 0
tazer4.dat 2989218 8187 0 0
